0 0.767776 0.749011 0.0610709 0.226105
0 0.537858 0.533242 0.0630314 0.128113
0 0.845641 0.889731 0.0565079 0.220538
0 0.231043 0.533357 0.0596618 0.229916
0 0.540758 0.357898 0.0635696 0.170442
0 0.546805 0.791999 0.0833379 0.226185
0 0.721442 0.468896 0.0497362 0.19892
0 0.416856 0.777686 0.0712275 0.264504
0 0.933173 0.33954 0.0445957 0.207668
0 0.732806 0.233835 0.0340315 0.201131
0 0.697651 0.597941 0.0538414 0.224167
0 0.200491 0.469061 0.0506006 0.188071
0 0.35853 0.424291 0.0538688 0.174611
0 0.41959 0.495815 0.0541973 0.11586
0 0.537053 0.649265 0.0679357 0.135135
0 0.46287 0.566521 0.0568606 0.162941
0 0.428151 0.296574 0.0665955 0.203985
0 0.374251 0.736121 0.0682886 0.209922
