0 0.61041 0.511202 0.0431974 0.147039
0 0.484951 0.402699 0.05274 0.164298
0 0.287334 0.804932 0.0401711 0.171761
0 0.352093 0.563053 0.0327201 0.150527
0 0.675526 0.821983 0.0530407 0.180462
0 0.328723 0.34338 0.02732 0.13763
0 0.452016 0.332674 0.034054 0.107989
0 0.290749 0.227461 0.0291841 0.157986
0 0.678712 0.316215 0.0265131 0.139447
0 0.429288 0.255137 0.049921 0.0939076
0 0.0285344 0.180222 0.0292643 0.138433
0 0.646377 0.255808 0.0321406 0.142511
0 0.510439 0.243363 0.036218 0.0537798
0 0.508782 0.215882 0.034944 0.0766951
