0 0.252935 0.675399 0.0698704 0.194353
0 0.290408 0.470933 0.0635526 0.185198
0 0.400714 0.573525 0.0653267 0.183805
0 0.676723 0.849213 0.0437862 0.200768
0 0.68104 0.184547 0.0327323 0.183985
0 0.601947 0.370896 0.0411663 0.159589
0 0.133152 0.461369 0.038956 0.180846
0 0.528983 0.52727 0.0279259 0.214242
0 0.332145 0.302911 0.0405341 0.0891264
0 0.360362 0.430538 0.0633574 0.145696
0 0.168854 0.72157 0.0883298 0.23668
0 0.433729 0.499116 0.0665533 0.136198
0 0.669255 0.655597 0.0290958 0.202337
0 0.405607 0.140454 0.0492478 0.157189
0 0.474685 0.260164 0.0611985 0.139292
0 0.335565 0.329189 0.0449671 0.0662486
0 0.409909 0.568513 0.047887 0.180942
