0 0.705002 0.519863 0.0561596 0.236699
0 0.390585 0.581786 0.0722154 0.228463
0 0.629432 0.159344 0.0435717 0.192028
0 0.69581 0.344319 0.048283 0.185916
0 0.506227 0.562617 0.0749508 0.217166
0 0.552428 0.73299 0.0491436 0.243872
0 0.336012 0.468909 0.0711846 0.210681
0 0.323626 0.708578 0.0773903 0.249434
0 0.301848 0.114091 0.0637089 0.203097
0 0.455821 0.267962 0.0654693 0.162361
0 0.162798 0.33822 0.0324529 0.208424
0 0.393565 0.397387 0.0610337 0.146207
0 0.489431 0.420947 0.103012 0.139276
0 0.327333 0.28436 0.0502347 0.161101
0 0.374727 0.13667 0.0382803 0.130269
