0 0.933522 0.814507 0.0537399 0.194721
0 0.144782 0.527697 0.0404579 0.19409
0 0.391298 0.327869 0.050462 0.15372
0 0.444587 0.735622 0.0669918 0.190108
0 0.713526 0.672647 0.0372781 0.200767
0 0.704233 0.504722 0.0424046 0.136682
0 0.442257 0.267931 0.0539902 0.160831
0 0.420888 0.416519 0.0463609 0.0813072
0 0.536282 0.690062 0.0648952 0.223844
0 0.417473 0.489546 0.047199 0.097389
0 0.362979 0.669354 0.0454452 0.158719
0 0.710224 0.29562 0.0267171 0.171103
0 0.803037 0.234762 0.0346274 0.157563
0 0.53005 0.542613 0.0576345 0.0989581
0 0.512111 0.364708 0.0365639 0.0852167
0 0.413604 0.500539 0.040132 0.0842835
0 0.519746 0.458749 0.0511826 0.0794583
0 0.411808 0.629466 0.0393866 0.16166
