0 0.431612 0.677445 0.0491911 0.199715
0 0.955843 0.896021 0.0435681 0.174573
0 0.82839 0.642863 0.0377337 0.150829
0 0.611526 0.507088 0.0428592 0.168318
0 0.535643 0.308388 0.0222964 0.152217
0 0.683811 0.0972492 0.0191988 0.135311
0 0.433592 0.871372 0.0606239 0.183521
0 0.521287 0.556947 0.0530275 0.149741
0 0.375406 0.329441 0.036813 0.111188
0 0.938802 0.503533 0.0241306 0.176412
0 0.242347 0.334091 0.0306543 0.143141
0 0.463951 0.258072 0.0334854 0.0889068
0 0.267519 0.383832 0.0363571 0.161597
0 0.479717 0.361133 0.0514689 0.0964253
0 0.427161 0.413836 0.0486836 0.0943674
0 0.38634 0.516766 0.0428882 0.139818
