0 0.351187 0.26278 0.0269578 0.141031
0 0.417256 0.603038 0.0542838 0.163819
0 0.612605 0.225587 0.0486946 0.145734
0 0.192647 0.759376 0.0284335 0.1977
0 0.349189 0.390407 0.0339674 0.0996367
0 0.398021 0.179162 0.0230769 0.136537
0 0.140422 0.611955 0.0237506 0.177308
0 0.550946 0.554504 0.0394971 0.166599
0 0.326859 0.536328 0.0417609 0.157439
0 0.703672 0.573532 0.0306969 0.16084
0 0.557365 0.44767 0.0426395 0.10791
0 0.46912 0.772625 0.0750483 0.255508
0 0.508614 0.373261 0.0364615 0.0913525
0 0.657989 0.212663 0.0420317 0.152189
