0 0.547594 0.436304 0.0521732 0.159582
0 0.642211 0.595304 0.0798048 0.186127
0 0.739667 0.82992 0.0567818 0.1734
0 0.48559 0.592009 0.0359933 0.152627
0 0.56821 0.0977798 0.0485567 0.13214
0 0.392438 0.225095 0.034583 0.14143
0 0.103665 0.184084 0.0261854 0.152881
0 0.508439 0.154129 0.037848 0.0908286
0 0.740484 0.273106 0.0244266 0.165614
0 0.783894 0.33759 0.0360608 0.15238
0 0.526377 0.350497 0.0495787 0.115649
0 0.506033 0.267325 0.0450609 0.108968
0 0.373861 0.363863 0.0363703 0.151732
0 0.593396 0.189188 0.0423226 0.0812021
