0 0.593011 0.688017 0.0639702 0.182251
0 0.42191 0.237126 0.0313873 0.149365
0 0.382976 0.364613 0.0369228 0.174677
0 0.66174 0.390632 0.0471575 0.0861854
0 0.383902 0.33832 0.0382762 0.121234
0 0.688996 0.152917 0.0475777 0.15035
0 0.49048 0.715474 0.0721623 0.244152
0 0.549838 0.576451 0.0561281 0.17905
0 0.577734 0.362882 0.0448975 0.0849664
0 0.733051 0.32095 0.0532138 0.131493
0 0.681539 0.331406 0.0482126 0.117494
0 0.809137 0.507332 0.0360998 0.17298
0 0.623282 0.435325 0.0391543 0.112657
0 0.600977 0.25665 0.0468798 0.138719
0 0.00884776 0.239513 0.0176 0.161249
