0 0.177031 0.556357 0.0426421 0.235258
0 0.36186 0.651703 0.065162 0.18388
0 0.528523 0.745269 0.0746814 0.187247
0 0.608988 0.404111 0.0613451 0.200302
0 0.482268 0.60655 0.0603306 0.141007
0 0.464144 0.831873 0.0755556 0.229755
0 0.264856 0.445068 0.0557794 0.158913
0 0.689947 0.172619 0.0250345 0.17685
0 0.65781 0.571901 0.0409663 0.190224
0 0.417453 0.37322 0.051838 0.147555
0 0.148777 0.500043 0.0518735 0.175556
0 0.553147 0.293013 0.035589 0.183514
0 0.404634 0.570986 0.0629328 0.13396
0 0.32732 0.441153 0.0525305 0.12231
0 0.980819 0.851101 0.0370869 0.224415
0 0.448984 0.488742 0.0660948 0.118701
0 0.342393 0.517313 0.0605667 0.126557
