0 0.601544 0.249734 0.0517222 0.137933
0 0.980561 0.283359 0.0335523 0.187055
0 0.81231 0.674873 0.026694 0.225498
0 0.19955 0.347973 0.0389831 0.165424
0 0.710953 0.398844 0.0360051 0.171894
0 0.712956 0.571219 0.0413485 0.190076
0 0.831079 0.183573 0.0327812 0.177688
0 0.579885 0.378364 0.0534291 0.120605
0 0.488307 0.272196 0.0411369 0.0721431
0 0.527413 0.53989 0.0454632 0.190229
0 0.550954 0.460131 0.0624684 0.116204
0 0.529814 0.199899 0.0510388 0.151503
0 0.686211 0.454672 0.0348692 0.177424
