0 0.28973 0.807368 0.0577164 0.187007
0 0.423828 0.244981 0.0377436 0.0665473
0 0.369841 0.729411 0.0477429 0.149394
0 0.406091 0.402408 0.0479614 0.130461
0 0.49478 0.449309 0.0559111 0.157293
0 0.424445 0.301406 0.0413242 0.0668355
0 0.542893 0.756824 0.0651171 0.226076
0 0.7867 0.85448 0.0375006 0.19645
0 0.451754 0.146205 0.0385172 0.129585
0 0.294616 0.305089 0.0374027 0.180333
0 0.626068 0.513643 0.0390409 0.17535
0 0.517249 0.221379 0.0462666 0.112982
0 0.355426 0.616206 0.0716179 0.185776
