0 0.288454 0.12516 0.0572506 0.189567
0 0.0800885 0.608622 0.059944 0.210779
0 0.421815 0.442529 0.0818341 0.14467
0 0.49384 0.853322 0.0557005 0.245062
0 0.626352 0.574852 0.0560296 0.215159
0 0.136989 0.398573 0.0497532 0.114626
0 0.44388 0.702041 0.0695892 0.211861
0 0.357396 0.8576 0.0721098 0.238157
0 0.358698 0.542849 0.0691027 0.143454
0 0.591534 0.426141 0.0380643 0.201618
0 0.43847 0.563659 0.0758905 0.141789
0 0.297583 0.481389 0.0664886 0.139767
0 0.279757 0.353934 0.05765 0.141867
0 0.280254 0.33473 0.0565385 0.101203
