0 0.479864 0.796161 0.0574711 0.18417
0 0.514854 0.628708 0.0731467 0.184245
0 0.160799 0.612724 0.0344721 0.163155
0 0.536643 0.495434 0.0485763 0.154161
0 0.455295 0.475697 0.0509306 0.173839
0 0.0335685 0.441173 0.0280798 0.165772
0 0.593202 0.19362 0.044459 0.125862
0 0.246474 0.477378 0.0374934 0.144776
0 0.119013 0.769384 0.0232145 0.180425
0 0.500322 0.355338 0.0443817 0.09393
0 0.57945 0.32861 0.0565989 0.0913518
0 0.589068 0.309282 0.0468909 0.11698
0 0.511596 0.260071 0.0421033 0.103284
0 0.369286 0.325207 0.0300483 0.149626
