0 0.467222 0.46286 0.0737518 0.126391
0 0.487871 0.149599 0.0628733 0.190332
0 0.43767 0.367356 0.0544914 0.130942
0 0.492116 0.533806 0.0626658 0.212138
0 0.387948 0.191376 0.0445483 0.214403
0 0.255665 0.479825 0.0480164 0.188276
0 0.311521 0.6204 0.0459675 0.206144
0 0.154199 0.743434 0.0581968 0.192481
0 0.59402 0.540212 0.0555824 0.241582
0 0.303343 0.191004 0.0385009 0.170421
0 0.740176 0.33087 0.0448763 0.201236
0 0.111594 0.140714 0.0347984 0.181547
0 0.647753 0.606598 0.072929 0.22173
0 0.637496 0.439717 0.0615417 0.143038
