0 0.558147 0.75672 0.0658855 0.199485
0 0.495952 0.804205 0.0687353 0.22436
0 0.333699 0.759733 0.0505474 0.20791
0 0.749004 0.60179 0.038912 0.20479
0 0.544943 0.473394 0.0499075 0.112514
0 0.063404 0.824355 0.0402492 0.23904
0 0.289065 0.597064 0.0450433 0.215735
0 0.473235 0.164899 0.0384676 0.112255
0 0.562252 0.188772 0.0476675 0.174409
0 0.567712 0.427923 0.0480453 0.149579
0 0.708029 0.502353 0.036941 0.204788
0 0.407961 0.674798 0.080463 0.195092
0 0.46465 0.297739 0.0381265 0.132191
0 0.414198 0.575559 0.0742754 0.123457
0 0.5041 0.537726 0.0531757 0.13317
