0 0.436895 0.59007 0.0645086 0.159051
0 0.605734 0.392966 0.0570244 0.178889
0 0.571679 0.830251 0.076528 0.219677
0 0.581919 0.640263 0.0565416 0.161401
0 0.134309 0.88869 0.0344268 0.218429
0 0.742092 0.495908 0.0415255 0.228839
0 0.427519 0.470079 0.0736224 0.140215
0 0.792119 0.589401 0.0464988 0.193713
0 0.242628 0.587071 0.0419254 0.24261
0 0.400906 0.22389 0.037858 0.114281
0 0.412372 0.325909 0.0647006 0.169525
0 0.462777 0.695979 0.0629913 0.228865
0 0.543215 0.473737 0.0531507 0.0845543
0 0.552511 0.279057 0.0450342 0.136221
0 0.549425 0.409226 0.052293 0.113979
0 0.52279 0.55712 0.0540674 0.142255
0 0.279479 0.346912 0.0472429 0.294597
