0 0.108685 0.549806 0.0457936 0.195101
0 0.440212 0.260317 0.0570787 0.199493
0 0.419078 0.731007 0.0611328 0.185063
0 0.713235 0.670093 0.0555475 0.216605
0 0.601816 0.799737 0.0480861 0.227815
0 0.432742 0.402655 0.0505699 0.094563
0 0.493833 0.792407 0.0717119 0.227228
0 0.571828 0.598337 0.0664814 0.141066
0 0.538632 0.318379 0.0401416 0.127271
0 0.593331 0.794128 0.067174 0.22742
0 0.439381 0.491392 0.056321 0.117481
0 0.54677 0.478013 0.0661054 0.135565
0 0.791052 0.693014 0.0362481 0.214863
0 0.373727 0.41547 0.0487108 0.161886
0 0.487004 0.538284 0.0549927 0.14093
