0 0.413944 0.844837 0.0621619 0.191186
0 0.242048 0.832347 0.0553331 0.21804
0 0.687762 0.554317 0.0563599 0.163662
0 0.485511 0.616797 0.0668395 0.189629
0 0.812401 0.556778 0.0498268 0.190914
0 0.226217 0.559665 0.0525657 0.203844
0 0.260599 0.454688 0.0488664 0.19821
0 0.335804 0.316864 0.034682 0.18948
0 0.523058 0.501754 0.0576719 0.159557
0 0.474322 0.354237 0.0365107 0.156445
0 0.546611 0.429653 0.0558436 0.143716
0 0.332869 0.650778 0.0925812 0.225938
0 0.379671 0.757757 0.0517404 0.182515
0 0.0150975 0.725098 0.0297897 0.244962
