0 0.438801 0.43711 0.0695991 0.124693
0 0.786251 0.682105 0.0644118 0.197565
0 0.560376 0.203223 0.0230505 0.176765
0 0.660283 0.470135 0.0560877 0.181918
0 0.356262 0.586959 0.0623113 0.179346
0 0.765088 0.571832 0.0389572 0.184091
0 0.45112 0.172776 0.0391184 0.155482
0 0.254437 0.247233 0.0503843 0.174263
0 0.541128 0.0835578 0.0280442 0.151215
0 0.405306 0.322104 0.0555883 0.14425
0 0.172304 0.602688 0.0438683 0.205543
0 0.305713 0.415394 0.0495739 0.149366
0 0.422201 0.679289 0.0595004 0.199581
