0 0.484858 0.657713 0.0596434 0.208163
0 0.658563 0.496615 0.0346769 0.168986
0 0.662311 0.201175 0.0267499 0.163907
0 0.298328 0.25653 0.0565905 0.169843
0 0.176095 0.609019 0.0415214 0.212152
0 0.902734 0.858644 0.057774 0.194828
0 0.28246 0.43188 0.0487909 0.146624
0 0.557463 0.303491 0.0286865 0.161895
0 0.455656 0.536619 0.0527504 0.133428
0 0.426842 0.353732 0.0405698 0.108678
0 0.404793 0.791574 0.0646886 0.218748
0 0.346677 0.496298 0.0473214 0.129535
0 0.353609 0.630213 0.0479451 0.155805
