0 0.602028 0.249538 0.0613305 0.210234
0 0.365606 0.879546 0.101913 0.239517
0 0.616284 0.424639 0.0670961 0.187029
0 0.283378 0.389832 0.0535889 0.210609
0 0.501105 0.241769 0.0503643 0.181066
0 0.277598 0.745431 0.100085 0.226273
0 0.350015 0.648703 0.0633769 0.155589
0 0.228124 0.494206 0.0509498 0.238453
0 0.774104 0.472344 0.0547538 0.216471
0 0.701379 0.539874 0.048661 0.259947
0 0.0697963 0.866162 0.0443272 0.267677
0 0.183747 0.8185 0.0359019 0.285892
0 0.543534 0.453256 0.0615006 0.147377
0 0.395565 0.54586 0.0655046 0.169633
0 0.474298 0.360161 0.0569794 0.192518
0 0.0651011 0.350936 0.0349392 0.232503
0 0.523671 0.50633 0.0633127 0.158218
0 0.478141 0.660326 0.0849204 0.22085
0 0.42239 0.428369 0.0610115 0.0978051
