0 0.800897 0.824947 0.0620865 0.180895
0 0.853937 0.595814 0.0399427 0.206708
0 0.51332 0.411502 0.0426022 0.160609
0 0.34454 0.759119 0.0631846 0.198706
0 0.419827 0.510101 0.0544065 0.117032
0 0.517252 0.736035 0.0479809 0.173242
0 0.730125 0.277937 0.0305096 0.187568
0 0.553853 0.62355 0.0468031 0.174088
0 0.593373 0.168045 0.0283587 0.158247
0 0.136606 0.479448 0.0219598 0.202606
0 0.448024 0.681882 0.0686512 0.169383
0 0.458905 0.346433 0.0395313 0.144981
0 0.2972 0.72824 0.0608515 0.205469
0 0.30273 0.426772 0.044736 0.0966766
