0 0.108959 0.674251 0.0354353 0.207789
0 0.642148 0.517806 0.0649851 0.18061
0 0.616522 0.315639 0.04697 0.108351
0 0.591735 0.642197 0.0576955 0.24591
0 0.807456 0.292335 0.0403004 0.168925
0 0.645962 0.144713 0.0511147 0.163831
0 0.636409 0.2798 0.0486983 0.143028
0 0.769074 0.355378 0.0313143 0.192622
0 0.566395 0.136704 0.031402 0.145411
0 0.519726 0.303279 0.0408266 0.148965
0 0.39053 0.568241 0.0392191 0.196181
0 0.47801 0.478923 0.0548454 0.204097
0 0.357491 0.287833 0.0405464 0.229404
0 0.622051 0.303946 0.0514313 0.108905
