0 0.495186 0.766239 0.0689532 0.185525
0 0.428076 0.614153 0.060892 0.208515
0 0.546031 0.444703 0.0512406 0.0886422
0 0.379703 0.764996 0.0554062 0.199058
0 0.290778 0.520659 0.0462036 0.187043
0 0.461886 0.289415 0.03743 0.0926503
0 0.618518 0.28418 0.0456117 0.162914
0 0.293201 0.399163 0.0395764 0.0996834
0 0.718981 0.559565 0.0487018 0.176765
0 0.5489 0.238051 0.0547524 0.164183
0 0.449597 0.446816 0.0562473 0.124702
0 0.217341 0.175394 0.0325743 0.180369
0 0.348013 0.25097 0.0283671 0.168309
