0 0.473615 0.726345 0.0554176 0.180809
0 0.439778 0.612255 0.0645311 0.12935
0 0.284297 0.441359 0.032162 0.182697
0 0.420247 0.393119 0.0511822 0.151722
0 0.384288 0.280693 0.0358018 0.153725
0 0.557577 0.315778 0.0379789 0.161034
0 0.569857 0.809664 0.0645681 0.213375
0 0.741105 0.606079 0.0400166 0.17771
0 0.50969 0.589881 0.0602767 0.12563
0 0.0966755 0.900201 0.032232 0.192117
0 0.692845 0.52388 0.0400937 0.187574
0 0.454606 0.268582 0.036848 0.164741
0 0.292398 0.288845 0.0288562 0.152857
