0 0.911951 0.898383 0.0506937 0.182534
0 0.31003 0.806306 0.0718504 0.22316
0 0.391138 0.639063 0.0659731 0.21529
0 0.491868 0.605234 0.077924 0.143543
0 0.50971 0.411951 0.0669977 0.126768
0 0.53407 0.267587 0.0589002 0.157386
0 0.231657 0.36977 0.0431381 0.243615
0 0.693305 0.376308 0.0505723 0.177343
0 0.84959 0.150961 0.0395451 0.170257
0 0.504924 0.506958 0.069738 0.123319
0 0.700837 0.713267 0.0449287 0.204828
0 0.439597 0.440219 0.0593908 0.145455
0 0.43993 0.181601 0.061438 0.186154
0 0.391293 0.307818 0.0438185 0.09861
0 0.698635 0.588088 0.04271 0.161431
