0 0.642149 0.835201 0.0610897 0.252754
0 0.421976 0.85133 0.068587 0.211226
0 0.26775 0.6364 0.0609606 0.190727
0 0.56061 0.463799 0.06073 0.159699
0 0.118909 0.622801 0.0542399 0.218787
0 0.484372 0.662667 0.0616933 0.154567
0 0.53752 0.88403 0.0666645 0.207079
0 0.401021 0.449481 0.0431738 0.191696
0 0.488108 0.375116 0.061728 0.189232
0 0.609954 0.394345 0.0449818 0.185996
0 0.55386 0.619973 0.076683 0.161694
0 0.451842 0.511193 0.0544567 0.0716445
0 0.439075 0.593143 0.0672393 0.0993968
0 0.547874 0.737303 0.0815786 0.155943
