0 0.513697 0.496343 0.0591005 0.133229
0 0.425492 0.711087 0.0537798 0.184541
0 0.329739 0.71129 0.045615 0.183327
0 0.416443 0.50182 0.0541737 0.191231
0 0.678341 0.351484 0.0440105 0.140523
0 0.785923 0.413973 0.0370182 0.164777
0 0.337567 0.32356 0.0449355 0.162435
0 0.390755 0.201723 0.025065 0.151455
0 0.131748 0.488216 0.0405693 0.190156
0 0.542269 0.392695 0.0549144 0.143917
0 0.127885 0.261995 0.0330386 0.173053
0 0.468256 0.296962 0.043178 0.102049
0 0.304088 0.396868 0.0565276 0.210761
0 0.588419 0.293384 0.0551851 0.126629
