0 0.734428 0.792566 0.0453722 0.212883
0 0.622374 0.749482 0.0763301 0.175067
0 0.512866 0.771822 0.0754484 0.228245
0 0.563732 0.521475 0.0783058 0.128612
0 0.742933 0.594595 0.0537476 0.201346
0 0.980312 0.266024 0.037182 0.205682
0 0.684163 0.304925 0.0412798 0.17551
0 0.618392 0.221388 0.0406157 0.158473
0 0.393024 0.230613 0.0499953 0.172785
0 0.428654 0.321041 0.0560514 0.171764
0 0.574965 0.674822 0.0604169 0.138413
0 0.36849 0.100039 0.0505743 0.171856
0 0.532165 0.353801 0.0395782 0.0881697
0 0.73093 0.086602 0.0299218 0.159831
