0 0.57373046875 0.7041015625 0.03125 0.1650390625
0 0.4990234375 0.50390625 0.04296875 0.1318359375
0 0.51416015625 0.42578125 0.0439453125 0.12109375
0 0.3935546875 0.6796875 0.056640625 0.1689453125
0 0.33544921875 0.4462890625 0.02197265625 0.1513671875
0 0.52734375 0.1953125 0.017578125 0.0966796875
0 0.7763671875 0.341796875 0.02392578125 0.1494140625
0 0.6416666666666666 0.4411764705882353 0.02006802721088441 0.1613876319758673
0 0.5297619047619047 0.2986425339366516 0.0200680272108843 0.14630467571644043
0 0.5350340136054421 0.07843137254901962 0.019727891156462563 0.1297134238310709
0 0.6178571428571429 0.6312217194570136 0.0037414965986394266 0.003016591251885359
0 0.38503401360544215 0.5486425339366516 0.05102040816326525 0.13650075414781299
0 0.18945578231292515 0.5618401206636501 0.028571428571428553 0.16742081447963802
0 0.40935374149659864 0.5316742081447965 0.004421768707482954 0.03318250377073906
0 0.40578231292517003 0.44720965309200605 0.02857142857142858 0.08144796380090502
0 0.4362244897959183 0.4796380090497737 0.041156462585034026 0.1161387631975867
0 0.41105442176870743 0.3740573152337858 0.0357142857142857 0.07239819004524889
0 0.4151360544217687 0.42307692307692313 0.04183673469387755 0.057315233785821984
0 0.4341836734693877 0.3404977375565611 0.0248299319727891 0.12292609351432882
0 0.4302721088435374 0.22850678733031676 0.038775510204081653 0.13574660633484162
0 0.44625850340136053 0.07428355957767722 0.03605442176870749 0.12141779788838611
