0 0.9669159953970081 0.43888166449934984 0.007479861910241747 0.035110533159948
0 0.9597238204833141 0.3589076723016905 0.029919447640966657 0.2080624187256177
0 0.4617376294591484 0.11833550065019506 0.02819332566168009 0.16124837451235371
0 0.5186996547756042 0.29453836150845253 0.02359033371691599 0.18335500650195058
0 0.5132336018411968 0.4063719115734721 0.051783659378596136 0.17035110533159953
0 0.5957997698504027 0.4869960988296489 0.03509781357882624 0.1521456436931079
0 0.6300345224395858 0.5845253576072822 0.0414269275028768 0.17035110533159953
0 0.619102416570771 0.7002600780234071 0.03452243958573076 0.22756827048114436
0 0.5745109321058688 0.7932379713914175 0.03855005753739926 0.2080624187256176
0 0.5414269275028769 0.7028608582574772 0.05178365937859608 0.17555266579973994
0 0.535385500575374 0.6079323797139142 0.047756041426927465 0.06631989596879062
0 0.5080552359033371 0.5630689206762028 0.050632911392405056 0.11963589076723014
0 0.3429228998849252 0.12548764629388817 0.043728423475258904 0.16775032509752924
0 0.333716915995397 0.3140442132639792 0.050632911392405056 0.17295188556566973
0 0.4024741081703107 0.4375812743823147 0.044303797468354444 0.0975292587776333
0 0.39959723820483317 0.5273081924577373 0.03855005753739932 0.17555266579973988
0 0.4254890678941312 0.5091027308192457 0.03164556962025317 0.053315994798439514
0 0.44764096662830843 0.563068920676203 0.052934407364787106 0.09622886866059821
0 0.42692750287687 0.634590377113134 0.052934407364787106 0.0832249674902471
0 0.4082278481012658 0.7152145643693109 0.015535097813578813 0.03901170351105332
0 0.4257767548906789 0.577373211963589 0.05523590333716916 0.04681404421326396
0 0.42865362485615655 0.7886866059817945 0.06674338319907941 0.2093628088426528
0 0.36766398158803226 0.6755526657997399 0.0345224395857307 0.222366710013004
0 0.16081703107019563 0.5780234070221066 0.042002301495972394 0.19375812743823145
