0 0.770408163265306 0.7621776504297995 0.038775510204081653 0.17191977077363896
0 0.699829931972789 0.6199856733524355 0.02619047619047621 0.16977077363896842
0 0.6457482993197279 0.5429799426934098 0.0295918367346939 0.15472779369627504
0 0.6326530612244898 0.5186246418338109 0.01224489795918371 0.06303724928366766
0 0.6318027210884354 0.44269340974212035 0.028911564625850317 0.0716332378223496
0 0.5011904761904762 0.6787249283667621 0.04251700680272108 0.09670487106017189
0 0.48520408163265305 0.6045845272206303 0.009863945578231281 0.034383954154727836
0 0.5003401360544217 0.586676217765043 0.04625850340136051 0.1146131805157593
0 0.48248299319727883 0.49677650429799425 0.039115646258503334 0.0637535816618911
0 0.452891156462585 0.4423352435530086 0.03911564625850339 0.059455587392550135
0 0.5348639455782312 0.3656876790830945 0.028231292517006734 0.14111747851002865
0 0.45561224489795915 0.24570200573065903 0.02619047619047621 0.12177650429799428
0 0.35799319727891155 0.29942693409742116 0.005102040816326536 0.021489971346704884
0 0.3438775510204081 0.24820916905444126 0.033333333333333326 0.11246418338108882
0 0.3404761904761905 0.35888252148997135 0.029251700680272108 0.14183381088825214
0 0.3246598639455782 0.4509312320916905 0.023469387755102045 0.14828080229226365
0 0.3843537414965986 0.48173352435530087 0.044217687074829926 0.11103151862464189
0 0.4044217687074829 0.5254297994269341 0.044217687074829926 0.07234957020057309
0 0.42108843537414964 0.5547994269340975 0.047619047619047616 0.08667621776504297
0 0.40782312925170067 0.7424785100286533 0.05646258503401358 0.15687679083094563
0 0.3972789115646258 0.6371776504297995 0.03673469387755102 0.1210601719197707
0 0.26088435374149654 0.5974212034383954 0.01428571428571429 0.044412607449856645
0 0.25017006802721087 0.5462034383954154 0.04047619047619047 0.16260744985673353
0 0.15799319727891156 0.5616045845272206 0.027551020408163263 0.15759312320916902
