0 0.890391254315305 0.23726541554959785 0.02819332566168009 0.16890080428954424
0 0.6849827387802072 0.3887399463806971 0.015535097813578758 0.04557640750670239
0 0.6829689298043728 0.3109919571045576 0.03682393555811281 0.07238605898123324
0 0.6993670886075949 0.4121983914209115 0.03624856156501732 0.1487935656836461
0 0.7054085155350978 0.5757372654155496 0.04027617951668583 0.1863270777479893
0 0.5963751438434983 0.6722520107238606 0.03279631760644419 0.1863270777479893
0 0.556674338319908 0.5040214477211796 0.054660529344073616 0.12064343163538876
0 0.5765247410817032 0.396112600536193 0.05293440736478716 0.11394101876675605
0 0.5690448791714615 0.31501340482573725 0.03912543153049486 0.05898123324396781
0 0.5794016110471807 0.27211796246648795 0.04833141542002295 0.09919571045576406
0 0.5969505178365937 0.30495978552278824 0.013233601841196818 0.03083109919571042
0 0.5796892980437285 0.20777479892761394 0.03279631760644419 0.07506702412868632
0 0.31962025316455694 0.39544235924932974 0.03509781357882624 0.1581769436997319
0 0.3469505178365938 0.3277479892761394 0.041426927502876854 0.17292225201072386
0 0.40074798619102414 0.28619302949061665 0.03279631760644419 0.1541554959785523
0 0.4617376294591484 0.6112600536193029 0.04660529344073644 0.17962466487935658
0 0.41455696202531644 0.6675603217158177 0.054660529344073616 0.1742627345844504
0 0.4723820483314154 0.43029490616621985 0.0391254315304948 0.15013404825737264
0 0.4910817031070196 0.25804289544235925 0.03970080552359034 0.041554959785522816
0 0.49309551208285385 0.30160857908847183 0.0391254315304948 0.09383378016085792
0 0.5025891829689297 0.31434316353887404 0.042002301495972394 0.054959785522788185
0 0.5210011507479861 0.3679624664879356 0.02589182968929804 0.10321715817694371
