0 0.8499335989375829 0.4503225806451613 0.05843293492695878 0.21935483870967748
0 0.8157370517928286 0.5103225806451612 0.0763612217795484 0.25161290322580643
0 0.6743027888446215 0.37419354838709673 0.08432934926958824 0.23225806451612901
0 0.597941567065073 0.23096774193548386 0.07768924302788849 0.22451612903225804
0 0.5179282868525896 0.2761290322580645 0.05976095617529881 0.2167741935483871
0 0.6009296148738379 0.5103225806451612 0.021248339973439556 0.029677419354838697
0 0.5743691899070384 0.4012903225806451 0.062416998671978696 0.11612903225806454
0 0.5617529880478087 0.4774193548387097 0.07436918990703845 0.09548387096774191
0 0.5242363877822045 0.547741935483871 0.04581673306772904 0.12774193548387092
0 0.57177734375 0.560546875 0.0830078125 0.0703125
0 0.5637450199203187 0.5812903225806452 0.014608233731739695 0.02709677419354839
0 0.6045816733067728 0.6103225806451613 0.06440903054448877 0.06967741935483873
0 0.593625498007968 0.6961290322580646 0.07304116865869859 0.17677419354838708
0 0.3944223107569721 0.24774193548387097 0.05444887118193892 0.18838709677419355
0 0.4169986719787516 0.4 0.08764940239043828 0.14193548387096772
0 0.4375830013280212 0.5219354838709678 0.0743691899070385 0.1251612903225806
0 0.44389110225763606 0.590967741935484 0.08831341301460821 0.0929032258064516
0 0.4040504648074369 0.7438709677419355 0.02722443559096943 0.03483870967741931
0 0.44488711819389104 0.7729032258064517 0.04913678618857903 0.2090322580645162
0 0.4697875166002656 0.6606451612903226 0.017928286852589626 0.0335483870967741
0 0.44488711819389104 0.6793548387096775 0.06772908366533864 0.08387096774193548
0 0.22177954847277556 0.6612903225806451 0.06374501992031872 0.21806451612903222
0 0.18227091633466136 0.5109677419354839 0.05644090305444885 0.22451612903225804
0 0.199203187250996 0.36774193548387096 0.05577689243027889 0.13161290322580643
0 0.11752988047808763 0.28516129032258064 0.06507304116865868 0.21935483870967742
