0 0.8445578231292517 0.8232142857142857 0.008843537414966018 0.05071428571428571
0 0.8391156462585033 0.7003571428571429 0.0435374149659864 0.18214285714285716
0 0.8059523809523809 0.56 0.04795918367346941 0.2171428571428572
0 0.751360544217687 0.3425 0.048299319727891143 0.10785714285714282
0 0.6627551020408162 0.2342857142857143 0.03979591836734697 0.18857142857142856
0 0.76171875 0.482421875 0.04296875 0.18359375
0 0.56689453125 0.6708984375 0.0458984375 0.208984375
0 0.5517578125 0.4658203125 0.072265625 0.130859375
0 0.529296875 0.2890625 0.052734375 0.1015625
0 0.55029296875 0.357421875 0.0556640625 0.09375
0 0.525390625 0.583984375 0.056640625 0.13671875
0 0.43798828125 0.623046875 0.0478515625 0.2109375
0 0.35400390625 0.6630859375 0.0654296875 0.208984375
0 0.3994140625 0.5625 0.052734375 0.20703125
0 0.41343537414965986 0.3775 0.04591836734693877 0.09785714285714286
0 0.46462585034013604 0.4203571428571429 0.05374149659863947 0.10214285714285715
0 0.4482993197278911 0.36607142857142855 0.04149659863945576 0.06928571428571428
0 0.4273809523809523 0.3235714285714286 0.05340136054421768 0.06857142857142856
0 0.42602040816326525 0.29285714285714287 0.052040816326530626 0.05714285714285716
