0 0.8794820717131473 0.4451612903225806 0.04980079681274907 0.18838709677419352
0 0.5836653386454183 0.14774193548387096 0.031872509960159334 0.12774193548387097
0 0.5800132802124833 0.3219354838709677 0.05511288180610885 0.06838709677419358
0 0.5574369189907038 0.3335483870967742 0.05378486055776888 0.047741935483870956
0 0.5763612217795484 0.3748387096774194 0.05179282868525892 0.05032258064516132
0 0.5348605577689243 0.46064516129032257 0.05644090305444882 0.0929032258064516
0 0.5507968127490039 0.3935483870967742 0.03253652058432932 0.05935483870967739
0 0.5418326693227091 0.5174193548387097 0.02257636122177953 0.05935483870967745
0 0.5896414342629481 0.4283870967741935 0.05179282868525903 0.08516129032258063
0 0.5856573705179282 0.5374193548387096 0.06374501992031878 0.1793548387096774
0 0.6135458167330676 0.7741935483870968 0.07436918990703856 0.21935483870967742
0 0.4760956175298805 0.8283870967741935 0.05577689243027889 0.1858064516129032
0 0.46679946879150064 0.6341935483870969 0.08366533864541836 0.14322580645161287
0 0.4515272244355909 0.5109677419354839 0.0743691899070385 0.13419354838709685
0 0.4671314741035856 0.415483870967742 0.05909694555112882 0.08258064516129032
0 0.445883134130146 0.3554838709677419 0.0697211155378486 0.10967741935483871
0 0.43393094289508627 0.1696774193548387 0.03652058432934929 0.16387096774193546
0 0.3263612217795484 0.3716129032258064 0.0458167330677291 0.17032258064516131
0 0.27091633466135456 0.4316129032258065 0.051792828685258946 0.13290322580645159
0 0.27124833997343956 0.5425806451612902 0.05112881806108896 0.1793548387096774
0 0.19189907038512616 0.2858064516129032 0.039840637450199196 0.2
