0 0.7399309551208285 0.27308192457737324 0.05063291139240511 0.1950585175552666
0 0.7597813578826238 0.22626788036410922 0.02819332566168009 0.18725617685305593
0 0.6185270425776754 0.22496749024707413 0.005753739930955182 0.02340702210663198
0 0.6070195627157653 0.17750325097529257 0.032220943613348596 0.05331599479843954
0 0.595512082853855 0.1976592977893368 0.04142692750287691 0.07802340702210664
0 0.583716915995397 0.24577373211963588 0.043153049482163475 0.13003901170351104
0 0.5325086306098965 0.26202860858257476 0.01898734177215189 0.05071521456436931
0 0.5658803222094362 0.3608582574772432 0.052359033371691566 0.17035110533159953
0 0.5630034522439586 0.2906371911573472 0.03739930955120829 0.06631989596879062
0 0.5765247410817032 0.4733420026007802 0.0598388952819332 0.19505851755526654
0 0.5112197928653626 0.570221066319896 0.0604142692750288 0.21456436931079326
0 0.5132336018411967 0.8094928478543564 0.0598388952819332 0.2093628088426528
0 0.5161104718066744 0.16644993498049415 0.044879171461449874 0.11963589076723018
0 0.487054085155351 0.20741222366710013 0.04660529344073644 0.16514954486345906
0 0.3843498273878021 0.18530559167750327 0.040276179516685884 0.15214564369310793
0 0.4608745684695052 0.2912873862158648 0.04948216340621403 0.0624187256176853
0 0.44649021864211735 0.3608582574772432 0.06444188722669736 0.10793237971391417
0 0.4482163406214039 0.4694408322496749 0.06789413118527043 0.12483745123537054
0 0.3967203682393556 0.46358907672301686 0.03970080552359034 0.2015604681404421
0 0.36881472957422323 0.581924577373212 0.04027617951668583 0.19115734720416128
0 0.05983889528193326 0.7743823146944083 0.05178365937859609 0.21456436931079326
0 0.05293440736478711 0.15474642392717813 0.04833141542002302 0.1716514954486346
