0 0.2900390625 0.8076171875 0.0576171875 0.1875
0 0.423828125 0.2451171875 0.03759765625 0.06640625
0 0.3701171875 0.7294921875 0.0478515625 0.1494140625
0 0.40625 0.40234375 0.0478515625 0.130859375
0 0.42431640625 0.3017578125 0.041015625 0.0673828125
0 0.54296875 0.7568359375 0.06494140625 0.2265625
0 0.78662109375 0.8544921875 0.03759765625 0.1962890625
0 0.45166015625 0.146484375 0.03857421875 0.1298828125
0 0.29443359375 0.3046875 0.03759765625 0.1806640625
0 0.6259765625 0.513671875 0.0390625 0.17578125
0 0.51708984375 0.2216796875 0.04638671875 0.11328125
0 0.35546875 0.6162109375 0.07177734375 0.185546875
0 0.6387755102040815 0.30995475113122173 0.03129251700680269 0.13122171945701355
0 0.9249999999999999 0.25641025641025644 0.018707482993197244 0.15686274509803924
0 0.5540816326530611 0.15648567119155354 0.02857142857142858 0.1229260935143288
0 0.4454081632653061 0.35558069381598795 0.04319727891156461 0.09728506787330315
0 0.5076530612244897 0.3223981900452489 0.04999999999999999 0.08823529411764708
0 0.4960884353741496 0.46040723981900455 0.052040816326530626 0.1244343891402715
0 0.4921768707482993 0.40158371040723984 0.04013605442176865 0.07767722473604832
