0 0.4140625 0.8447265625 0.06201171875 0.19140625
0 0.2421875 0.83203125 0.0556640625 0.2177734375
0 0.68798828125 0.5546875 0.056640625 0.1640625
0 0.4853515625 0.6171875 0.06689453125 0.189453125
0 0.8125 0.556640625 0.0498046875 0.1904296875
0 0.22607421875 0.5595703125 0.052734375 0.2041015625
0 0.2607421875 0.455078125 0.048828125 0.1982421875
0 0.3359375 0.31640625 0.03466796875 0.189453125
0 0.52294921875 0.501953125 0.0576171875 0.16015625
0 0.47412109375 0.3544921875 0.03662109375 0.15625
0 0.54638671875 0.4296875 0.0556640625 0.1435546875
0 0.37939453125 0.7578125 0.0517578125 0.1826171875
0 0.01513671875 0.7255859375 0.02978515625 0.2451171875
0 0.1369047619047619 0.3491704374057315 0.0357142857142857 0.20512820512820512
0 0.4346938775510204 0.4298642533936652 0.053741496598639416 0.10407239819004527
0 0.475 0.49208144796380093 0.0574829931972789 0.05505279034690802
0 0.3977891156462585 0.529788838612368 0.054761904761904734 0.14102564102564097
0 0.33061224489795915 0.6579939668174962 0.08163265306122447 0.19683257918552033
0 0.35340136054421767 0.5750377073906486 0.04693877551020409 0.06561085972850678
