0 0.6217687074829932 0.2510714285714286 0.03129251700680269 0.1392857142857143
0 0.5739795918367346 0.3921428571428571 0.03027210884353737 0.14571428571428574
0 0.6586734693877551 0.5064285714285715 0.035034013605442116 0.15285714285714286
0 0.7164965986394558 0.6035714285714285 0.04251700680272108 0.14857142857142858
0 0.9471088435374149 0.6985714285714286 0.053401360544217735 0.1885714285714285
0 0.48299319727891155 0.48678571428571427 0.05782312925170069 0.08214285714285707
0 0.530952380952381 0.5807142857142857 0.07142857142857145 0.11142857142857143
0 0.5499999999999999 0.655 0.06870748299319729 0.09857142857142853
0 0.5651360544217687 0.765 0.06156462585034006 0.12571428571428567
0 0.395578231292517 0.5117857142857143 0.054421768707483 0.12928571428571428
0 0.3341836734693877 0.41500000000000004 0.05340136054421768 0.15571428571428575
0 0.3329931972789115 0.2953571428571429 0.053061224489795944 0.14785714285714285
0 0.2673469387755102 0.5821428571428572 0.05986394557823127 0.18
0 0.2685374149659864 0.6492857142857142 0.03027210884353737 0.18428571428571427
0 0.5068027210884354 0.9332142857142858 0.03809523809523807 0.13214285714285723
0 0.4498299319727891 0.7264285714285714 0.04931972789115646 0.13142857142857145
0 0.427891156462585 0.5642857142857143 0.048299319727891143 0.10428571428571431
0 0.44812925170068024 0.5753571428571429 0.04523809523809519 0.0764285714285714
0 0.42176870748299317 0.7360714285714286 0.013605442176870763 0.026428571428571468
0 0.43877551020408156 0.6607142857142857 0.04897959183673467 0.0842857142857143
0 0.4329931972789115 0.6107142857142858 0.04557823129251698 0.06857142857142862
