0 0.920625375826819 0.542225201072386 0.03607937462417321 0.1729222520107238
0 0.7862297053517739 0.3109919571045576 0.03427540589296463 0.14209115281501344
0 0.5315694527961515 0.36260053619302945 0.03247143716175582 0.08445040214477212
0 0.5378833433553818 0.44906166219839144 0.037883343355381904 0.1394101876675603
0 0.44107035478051715 0.2868632707774799 0.031870114251353 0.1099195710455764
0 0.42032471437161756 0.31166219839142095 0.030066145520144305 0.0522788203753351
0 0.41731809981960316 0.3706434316353887 0.03848466626578473 0.07372654155495978
0 0.4467829224293446 0.5415549597855228 0.028863499699338546 0.16890080428954418
0 0.41100420926037284 0.4591152815013405 0.04149128081779918 0.09785522788203754
0 0.3935658448586892 0.5502680965147453 0.04990980156343955 0.10321715817694366
0 0.3797354179194228 0.707774798927614 0.03547805171377033 0.16890080428954424
0 0.20655441972339147 0.3773458445040215 0.04269392663860494 0.17292225201072386
0 0.3634996993385448 0.2808310991957105 0.025856885147324093 0.14879356568364613
0 0.3442573662056525 0.31501340482573725 0.03788334335538185 0.07506702412868632
0 0.34395670475045104 0.3699731903485255 0.036079374624173155 0.05093833780160856
0 0.36259771497294047 0.4175603217158177 0.030066145520144305 0.10321715817694371
0 0.31389055923030673 0.4624664879356568 0.04329524954900782 0.12600536193029493
0 0.3376428141912207 0.43498659517426275 0.025856885147324093 0.08445040214477212
0 0.2811184606133494 0.6172922252010724 0.04269392663860494 0.1648793565683646
0 0.25255562236921225 0.5770777479892761 0.03367408298256164 0.15415549597855227
0 0.20895971136500302 0.688337801608579 0.060733613950691545 0.17560321715817695
