0 0.8675298804780875 0.5083870967741936 0.05909694555112888 0.21419354838709675
0 0.8333333333333333 0.5619354838709678 0.06507304116865864 0.25935483870967746
0 0.7031872509960159 0.4019354838709677 0.08366533864541825 0.23354838709677417
0 0.6739707835325365 0.2696774193548387 0.01195219123505975 0.025806451612903236
0 0.6457503320053121 0.2161290322580645 0.04847277556440899 0.18193548387096772
0 0.594621513944223 0.25290322580645164 0.0630810092961488 0.21419354838709675
0 0.6065737051792828 0.44645161290322577 0.0630810092961488 0.11612903225806454
0 0.593957503320053 0.5380645161290323 0.07370517928286857 0.11870967741935484
0 0.5381806108897742 0.636774193548387 0.019256308100929598 0.039999999999999925
0 0.5617529880478087 0.5748387096774193 0.0717131474103585 0.07870967741935475
0 0.5849933598937582 0.6180645161290322 0.07436918990703856 0.05935483870967739
0 0.6261620185922975 0.787741935483871 0.015936254980079667 0.03741935483870962
0 0.6045816733067728 0.6825806451612904 0.06042496679946885 0.07999999999999996
0 0.5906374501992031 0.7683870967741936 0.07104913678618863 0.17677419354838708
0 0.4033864541832669 0.8161290322580645 0.052456839309428904 0.25419354838709673
0 0.4555112881806108 0.7651612903225806 0.06772908366533864 0.1806451612903226
0 0.46547144754316067 0.6619354838709677 0.07171314741035861 0.12387096774193551
0 0.4890438247011952 0.5696774193548387 0.012616201859229736 0.05548387096774188
0 0.45617529880478086 0.54 0.10358565737051795 0.13290322580645159
0 0.4565073041168658 0.43483870967741933 0.08300132802124832 0.1393548387096774
0 0.36885790172642763 0.29096774193548386 0.04183266932270918 0.2206451612903226
0 0.2729083665338645 0.18193548387096775 0.04116865869853914 0.22193548387096773
0 0.2682602921646746 0.43612903225806454 0.05312084993359892 0.17806451612903224
0 0.22775564409030544 0.5103225806451612 0.06241699867197875 0.13290322580645164
0 0.2290836653386454 0.6348387096774194 0.058432934926958835 0.24
