0 0.46728515625 0.462890625 0.07373046875 0.126953125
0 0.48779296875 0.1494140625 0.06298828125 0.1904296875
0 0.4375 0.3671875 0.05419921875 0.130859375
0 0.4921875 0.5341796875 0.0625 0.2119140625
0 0.3876953125 0.19140625 0.04443359375 0.2138671875
0 0.25537109375 0.4794921875 0.0478515625 0.1884765625
0 0.3115234375 0.6201171875 0.0458984375 0.2060546875
0 0.154296875 0.7431640625 0.05810546875 0.1923828125
0 0.59423828125 0.5400390625 0.0556640625 0.2412109375
0 0.30322265625 0.19140625 0.03857421875 0.1708984375
0 0.740234375 0.3310546875 0.044921875 0.201171875
0 0.111328125 0.140625 0.03466796875 0.181640625
0 0.64794921875 0.6064453125 0.07275390625 0.2216796875
0 0.63720703125 0.439453125 0.0615234375 0.1435546875
0 0.5197278911564626 0.24170437405731526 0.0156462585034014 0.032428355957767746
0 0.5397959183673469 0.15422322775263952 0.051700680272108834 0.1606334841628959
0 0.5270408163265305 0.38423831070889897 0.050680272108843516 0.14555052790346912
0 0.5542517006802721 0.29977375565610864 0.050000000000000044 0.09728506787330321
0 0.5496598639455782 0.2473604826546003 0.04965986394557831 0.07239819004524886
0 0.5664965986394557 0.4419306184012067 0.005102040816326592 0.03167420814479638
0 0.5719387755102041 0.3793363499245852 0.031632653061224425 0.08295625942684764
0 0.6035714285714284 0.43137254901960786 0.04251700680272108 0.14479638009049772
