0 0.6625074272133096 0.5067024128686327 0.023767082590612 0.17694369973190355
0 0.6417112299465241 0.4477211796246649 0.030897207367795554 0.18498659517426275
0 0.590017825311943 0.07707774798927615 0.03802733214497922 0.13270777479892762
0 0.5718954248366013 0.2359249329758713 0.04575163398692805 0.1554959785522788
0 0.5323826500297089 0.29088471849865954 0.054664289958407664 0.15549597855227884
0 0.5225787284610814 0.3739946380697051 0.042186571598336275 0.11260053619302951
0 0.5071301247771837 0.41890080428954424 0.03743315508021389 0.12198391420911525
0 0.48484848484848486 0.4644772117962467 0.035650623885918 0.060321715817694355
0 0.45870469399881164 0.45107238605898126 0.01901366607248961 0.060321715817694355
0 0.4896019013666073 0.5375335120643432 0.04634581105169344 0.1662198391420911
0 0.4812834224598931 0.695710455764075 0.06417112299465244 0.17158176943699732
0 0.48276886512180633 0.07506702412868634 0.0326797385620915 0.13941018766756033
0 0.43612596553773025 0.22855227882037535 0.029708853238265 0.12734584450402148
0 0.441473559120618 0.3197050938337802 0.04040404040404044 0.054959785522788185
0 0.4180035650623886 0.40415549597855227 0.0564468211527035 0.11126005361930297
0 0.387106357694593 0.5 0.05525846702317294 0.11796246648793568
0 0.387106357694593 0.6286863270777481 0.04931669637551994 0.11796246648793562
0 0.3437314319667261 0.6943699731903485 0.0386215092097445 0.1903485254691688
0 0.3294711824123589 0.38806970509383376 0.0326797385620915 0.17024128686327078
0 0.2480689245395128 0.5020107238605899 0.03505644682115272 0.18632707774798934
0 0.24123588829471182 0.2707774798927614 0.02970885323826497 0.16353887399463807
