0 0.7234105763517529 0.48860589812332444 0.036244800950683276 0.20509383378016088
0 0.6978609625668449 0.37533512064343166 0.04099821746880572 0.16621983914209115
0 0.6705288175876412 0.4363270777479893 0.039809863339275164 0.17292225201072386
0 0.5796197266785503 0.2687667560321716 0.0326797385620915 0.17560321715817695
0 0.5629827688651219 0.16353887399463807 0.02911467617349972 0.12064343163538875
0 0.5323826500297089 0.28887399463806973 0.041592394533571 0.08445040214477212
0 0.5344622697563874 0.3793565683646113 0.05288175876411172 0.11796246648793568
0 0.5285204991087344 0.4457104557640751 0.0505050505050505 0.12466487935656834
0 0.529708853238265 0.5375335120643432 0.06120023767082594 0.12868632707774796
0 0.6146761734997029 0.7252010723860589 0.03743315508021383 0.193029490616622
0 0.4102792632204397 0.21514745308310995 0.03386809269162211 0.1353887399463807
0 0.4503862150920975 0.2727882037533512 0.04396910279263222 0.052278820375335155
0 0.44533571004159245 0.3136729222520107 0.04456327985739755 0.07238605898123324
0 0.42899584076054664 0.35924932975871315 0.04159239453357105 0.0777479892761394
0 0.4607843137254902 0.40348525469168905 0.0148544266191325 0.05898123324396781
0 0.46613190730837795 0.3371313672922252 0.03149138443256089 0.05495978552278824
0 0.4786096256684492 0.4021447721179625 0.03149138443256094 0.10723860589812334
0 0.42899584076054664 0.47184986595174266 0.05109922756981583 0.17158176943699732
0 0.4070112893642306 0.6816353887399464 0.05466428995840761 0.20777479892761386
0 0.15894236482471777 0.3827077747989276 0.0445632798573975 0.16487935656836467
0 0.4233511586452763 0.4101876675603217 0.011289364230540666 0.013404825737265424
0 0.35472370766488415 0.31233243967828417 0.04396910279263222 0.16621983914209112
