0 0.4951171875 0.7666015625 0.06884765625 0.185546875
0 0.42822265625 0.6142578125 0.06103515625 0.2080078125
0 0.5458984375 0.4443359375 0.05126953125 0.0888671875
0 0.3798828125 0.7646484375 0.0556640625 0.19921875
0 0.291015625 0.5205078125 0.04638671875 0.1875
0 0.4619140625 0.2900390625 0.03759765625 0.0927734375
0 0.61865234375 0.2841796875 0.04541015625 0.1630859375
0 0.29296875 0.3994140625 0.03955078125 0.099609375
0 0.71923828125 0.5595703125 0.048828125 0.1767578125
0 0.548828125 0.23828125 0.0546875 0.1640625
0 0.44970703125 0.447265625 0.05615234375 0.1240234375
0 0.21728515625 0.17578125 0.03271484375 0.1806640625
0 0.34814453125 0.2509765625 0.0283203125 0.16796875
0 0.5607142857142857 0.38989441930618407 0.046598639455782354 0.13423831070889897
0 0.7085034013605441 0.5614630467571644 0.011564625850340127 0.018853695324283493
0 0.6979591836734693 0.5282805429864253 0.017006802721088454 0.04751131221719462
0 0.6989795918367347 0.42345399698340874 0.02857142857142858 0.12141779788838614
0 0.5178571428571428 0.503393665158371 0.06360544217687075 0.11538461538461536
0 0.5488095238095239 0.581447963800905 0.04455782312925172 0.1734539969834088
0 0.6098639455782313 0.3782051282051282 0.04693877551020409 0.14404223227752638
