0 0.28857421875 0.125 0.05712890625 0.189453125
0 0.080078125 0.6083984375 0.06005859375 0.2099609375
0 0.421875 0.4423828125 0.08154296875 0.14453125
0 0.49365234375 0.853515625 0.0556640625 0.2451171875
0 0.62646484375 0.57421875 0.05615234375 0.21484375
0 0.13671875 0.3984375 0.0498046875 0.1142578125
0 0.44384765625 0.7021484375 0.0693359375 0.2119140625
0 0.357421875 0.857421875 0.072265625 0.23828125
0 0.591796875 0.42578125 0.0380859375 0.201171875
0 0.4384765625 0.5634765625 0.07568359375 0.1416015625
0 0.29736328125 0.4814453125 0.06640625 0.1396484375
0 0.2802734375 0.3349609375 0.056640625 0.1015625
0 0.3873322809786898 0.1420863309352518 0.04222573007103392 0.16007194244604317
0 0.5451854775059195 0.31339928057553956 0.04459352801894245 0.18794964028776978
0 0.3962115232833465 0.30035971223021585 0.04893449092344121 0.16906474820143882
0 0.34944751381215466 0.5238309352517986 0.0572217837411208 0.10881294964028781
0 0.13654301499605367 0.5058453237410072 0.04419889502762431 0.2329136690647482
0 0.3016969218626677 0.3920863309352518 0.05485398579321232 0.07374100719424459
0 0.3234017363851618 0.6254496402877698 0.059589581689029225 0.18974820143884896
