0 0.7748068924539513 0.613941018766756 0.04634581105169344 0.2466487935656837
0 0.7789661319073085 0.46983914209115285 0.042780748663101664 0.15147453083109924
0 0.7459893048128343 0.4081769436997319 0.03743315508021394 0.20777479892761397
0 0.4887106357694593 0.11662198391420911 0.035056446821152665 0.17158176943699732
0 0.548425430778372 0.35924932975871315 0.047534165181224 0.19034852546916892
0 0.5552584670231729 0.5268096514745308 0.010101010101010166 0.029490616621983934
0 0.5766488413547237 0.44705093833780163 0.0564468211527035 0.08981233243967829
0 0.5897207367795604 0.517426273458445 0.060011883541295274 0.08310991957104563
0 0.6173499702911468 0.5844504021447721 0.04634581105169344 0.05898123324396776
0 0.6027926322043969 0.6347184986595175 0.06357694592988716 0.17024128686327078
0 0.6342840166369579 0.7587131367292226 0.0505050505050505 0.21983914209115285
0 0.13428401663695783 0.5549597855227882 0.05347593582887701 0.20375335120643429
0 0.32442067736185387 0.6327077747989276 0.05585264408793822 0.17962466487935658
0 0.38354129530600123 0.09785522788203753 0.04218657159833633 0.19571045576407506
0 0.4316696375519905 0.40482573726541554 0.04693998811645872 0.2091152815013405
0 0.4768270944741533 0.43029490616621985 0.05763517528223411 0.06702412868632712
0 0.4985145573380868 0.46648793565683644 0.028520499108734443 0.06970509383378015
0 0.4590017825311943 0.5348525469168901 0.04575163398692811 0.16890080428954418
0 0.5124777183600713 0.5154155495978552 0.0564468211527035 0.05495978552278824
0 0.48484848484848486 0.5589812332439679 0.04872251931075455 0.06166219839142095
0 0.48692810457516345 0.6206434316353888 0.055258467023172886 0.1554959785522788
0 0.4982174688057041 0.7171581769436997 0.06951871657754005 0.17962466487935658
