0 0.8908396946564885 0.3774145616641902 0.06412213740458006 0.23179791976225855
0 0.8194656488549619 0.42050520059435365 0.09236641221374053 0.27934621099554235
0 0.6946564885496183 0.12927191679049033 0.03969465648854953 0.1277860326894502
0 0.6297709923664122 0.3231797919762258 0.0778625954198473 0.18870728083209506
0 0.599618320610687 0.3974739970282318 0.07862595419847329 0.1887072808320951
0 0.5343511450381679 0.39598811292719166 0.07328244274809159 0.07280832095096579
0 0.5358778625954199 0.45542347696879637 0.07633587786259544 0.08172362555720653
0 0.5206106870229007 0.5059435364041605 0.07938931297709922 0.10549777117384845
0 0.500763358778626 0.5475482912332839 0.07786259541984736 0.08766716196136703
0 0.5133587786259541 0.6173848439821694 0.08015267175572516 0.1054977711738484
0 0.46564885496183206 0.7191679049034174 0.13893129770992368 0.29123328380386326
0 0.5568702290076335 0.14190193164933135 0.061832061068702315 0.18276374442793458
0 0.517175572519084 0.24888558692421991 0.05725190839694655 0.19167904903417535
0 0.47137404580152675 0.38335809806835064 0.07404580152671764 0.12481426448736999
0 0.4217557251908397 0.39821693907875183 0.01450381679389312 0.038632986627043064
0 0.47709923664122134 0.29791976225854383 0.0702290076335878 0.06686478454680533
0 0.39923664122137403 0.4673105497771174 0.07633587786259544 0.08469539375928675
0 0.36717557251908395 0.5802377414561664 0.08244274809160307 0.16196136701337294
0 0.3030534351145038 0.7407132243684992 0.02290076335877861 0.06686478454680533
0 0.29847328244274807 0.6062407132243686 0.06717557251908396 0.1575037147102526
0 0.2763358778625954 0.7674591381872213 0.0717557251908397 0.23625557206537895
0 0.22213740458015266 0.39821693907875183 0.059541984732824405 0.24071322436849918
0 0.10343511450381679 0.5869242199108469 0.05877862595419847 0.2942050520059435
0 0.11259541984732824 0.3328380386329866 0.05725190839694655 0.2526002971768202
