0 0.977124183006536 0.4617962466487936 0.03149138443256094 0.19168900804289546
0 0.7673796791443851 0.2198391420911528 0.039809863339275164 0.1903485254691689
0 0.632501485442662 0.23659517426273458 0.0267379679144385 0.18900804289544235
0 0.6099227569815806 0.3626005361930295 0.03624480095068339 0.18900804289544237
0 0.5181224004753416 0.14611260053619304 0.04753416518122394 0.1769436997319035
0 0.47445038621509217 0.24195710455764077 0.06001188354129533 0.10321715817694371
0 0.476232917409388 0.34517426273458446 0.06357694592988711 0.11662198391420908
0 0.47088532382650033 0.45375335120643434 0.0623885918003565 0.12734584450402148
0 0.5451574569221629 0.44705093833780163 0.0326797385620915 0.21313672922252014
0 0.4566250742721331 0.5368632707774799 0.05882352941176472 0.1916890080428954
0 0.4477124183006536 0.49798927613941024 0.036244800950683276 0.11126005361930297
0 0.44771241830065367 0.7949061662198391 0.03149138443256089 0.23860589812332444
0 0.3149138443256091 0.7995978552278821 0.05466428995840761 0.21313672922252014
0 0.3612596553773024 0.5281501340482574 0.016636957813428388 0.029490616621983934
0 0.34373143196672606 0.46782841823056304 0.06001188354129533 0.18498659517426275
0 0.17884729649435532 0.45107238605898126 0.04278074866310161 0.1675603217158177
0 0.19281045751633988 0.44235924932975873 0.01723113487819372 0.029490616621983934
0 0.1925133689839572 0.31166219839142095 0.021390374331550804 0.11930294906166222
0 0.2254901960784314 0.29825737265415553 0.038621509209744526 0.16756032171581772
0 0.3134284016636958 0.23927613941018766 0.030303030303030276 0.1970509383378016
0 0.3704693998811646 0.26943699731903487 0.04099821746880572 0.10187667560321714
0 0.39631610219845514 0.26072386058981234 0.01901366607248961 0.0737265415549598
0 0.3773024361259656 0.3398123324396783 0.04753416518122405 0.07372654155495983
0 0.393939393939394 0.467828418230563 0.014260249554367221 0.01876675603217154
0 0.4010695187165776 0.3981233243967829 0.043969102792632164 0.1152815013404826
0 0.3758169934640523 0.44436997319034854 0.026737967914438554 0.14075067024128685
