0 0.48486328125 0.6572265625 0.0595703125 0.2080078125
0 0.65869140625 0.4970703125 0.03466796875 0.1689453125
0 0.662109375 0.201171875 0.02685546875 0.1640625
0 0.29833984375 0.2568359375 0.056640625 0.169921875
0 0.17578125 0.609375 0.04150390625 0.2119140625
0 0.90283203125 0.8583984375 0.0576171875 0.1943359375
0 0.28271484375 0.431640625 0.048828125 0.146484375
0 0.5576171875 0.3037109375 0.02880859375 0.162109375
0 0.45556640625 0.5361328125 0.052734375 0.1337890625
0 0.4267578125 0.353515625 0.04052734375 0.1083984375
0 0.40478515625 0.791015625 0.064453125 0.21875
0 0.3466796875 0.49609375 0.04736328125 0.1298828125
0 0.353515625 0.6298828125 0.0478515625 0.15625
0 0.18979591836734694 0.5908748114630468 0.017006802721088426 0.05052790346907998
0 0.18928571428571428 0.4875565610859729 0.05680272108843537 0.13348416289592763
0 0.34268707482993194 0.31108597285067874 0.04795918367346941 0.1606334841628959
0 0.3248299319727891 0.4464555052790347 0.05918367346938774 0.14781297134238314
0 0.3874149659863945 0.5282805429864253 0.05374149659863947 0.07767722473604821
0 0.5066326530612244 0.643288084464555 0.018027210884353717 0.02865761689291102
0 0.45901360544217684 0.6255656108597285 0.014625850340136082 0.041478129713423795
0 0.4564625850340136 0.5614630467571644 0.01768707482993198 0.042986425339366585
0 0.48486394557823126 0.5867269984917044 0.027551020408163263 0.05882352941176472
0 0.44557823129251695 0.4468325791855204 0.050340136054421725 0.0867269984917044
