0 0.684795321637427 0.4413746630727763 0.03391812865497068 0.16846361185983832
0 0.6751461988304094 0.4582210242587601 0.007602339181286499 0.029649595687331554
0 0.7038011695906432 0.4514824797843666 0.009941520467836251 0.029649595687331554
0 0.6815789473684211 0.3524258760107817 0.034502923976608146 0.11185983827493262
0 0.5467836257309941 0.4764150943396227 0.04912280701754379 0.16576819407008087
0 0.5271929824561403 0.08153638814016173 0.04502923976608186 0.14420485175202158
0 0.5733918128654971 0.29110512129380056 0.05555555555555558 0.1509433962264151
0 0.5470760233918128 0.2082210242587601 0.014619883040935755 0.047169811320754734
0 0.5359649122807018 0.305256064690027 0.03567251461988308 0.08760107816711593
0 0.537719298245614 0.34770889487870626 0.05204678362573101 0.09973045822102428
0 0.5052631578947369 0.41509433962264153 0.037426900584795364 0.10242587601078168
0 0.5684210526315789 0.8638814016172507 0.05847953216374269 0.19946091644204855
0 0.45526315789473687 0.8935309973045822 0.04035087719298247 0.17520215633423175
0 0.45 0.5613207547169812 0.05789473684210522 0.10916442048517516
0 0.17982456140350878 0.49730458221024265 0.033333333333333326 0.18867924528301888
0 0.43947368421052635 0.4811320754716981 0.06257309941520467 0.09164420485175201
0 0.4131578947368421 0.42452830188679247 0.047368421052631615 0.15363881401617258
0 0.4111111111111111 0.3692722371967655 0.049122807017543846 0.13746630727762804
0 0.4538011695906433 0.3591644204851752 0.032748538011695916 0.11185983827493262
0 0.45029239766081874 0.27695417789757415 0.038596491228070184 0.06334231805929919
0 0.3312865497076023 0.2924528301886793 0.03099415204678363 0.15094339622641512
0 0.3400584795321637 0.08018867924528303 0.0345029239766082 0.1280323450134771
