0 0.8351145038167939 0.3997395833333333 0.04427480916030535 0.20572916666666663
0 0.8225190839694656 0.08789062499999999 0.05877862595419847 0.14713541666666666
0 0.6858778625954198 0.09049479166666667 0.04045801526717563 0.13932291666666666
0 0.7374045801526717 0.31640625 0.05496183206106875 0.14583333333333331
0 0.7736641221374045 0.46874999999999994 0.04503816793893134 0.19010416666666663
0 0.6885496183206107 0.3255208333333333 0.07022900763358786 0.15625
0 0.5938931297709924 0.2532552083333333 0.03511450381679382 0.14453125
0 0.4362595419847328 0.24348958333333331 0.02519083969465652 0.1875
0 0.3645038167938931 0.36979166666666663 0.03893129770992371 0.19010416666666669
0 0.5782442748091603 0.3157552083333333 0.04961832061068705 0.11588541666666663
0 0.5900763358778626 0.3704427083333333 0.03969465648854964 0.06640625
0 0.5916030534351144 0.4765625 0.05496183206106864 0.1796875
0 0.5759541984732824 0.595703125 0.06335877862595418 0.19401041666666663
0 0.5312977099236641 0.3763020833333333 0.05343511450381677 0.10416666666666663
0 0.49694656488549616 0.45182291666666663 0.05801526717557248 0.10677083333333326
0 0.30877862595419847 0.5416666666666666 0.04809160305343507 0.19791666666666669
0 0.45114503816793894 0.5234375 0.06564885496183204 0.11197916666666663
0 0.4068702290076336 0.5885416666666666 0.04885496183206106 0.17447916666666674
0 0.41450381679389314 0.85546875 0.08396946564885494 0.22135416666666663
0 0.2687022900763359 0.8522135416666666 0.05801526717557251 0.18619791666666674
