0 0.8086881472957422 0.8140442132639791 0.038550057537399374 0.21586475942782835
0 0.7819332566168009 0.5838751625487646 0.04257767548906788 0.18725617685305596
0 0.8696777905638665 0.17425227568270482 0.03394706559263527 0.1742522756827048
0 0.682681242807825 0.32054616384915474 0.02819332566168009 0.18075422626788037
0 0.547180667433832 0.45058517555266586 0.05868814729574223 0.11313394018205464
0 0.5667433831990794 0.41222366710013003 0.013808975834292303 0.03901170351105332
0 0.5632911392405063 0.3621586475942783 0.06789413118527032 0.1105331599479844
0 0.5572497123130035 0.2795838751625488 0.043153049482163475 0.0754226267880364
0 0.547180667433832 0.1892067620286086 0.05638665132336018 0.1105331599479844
0 0.5612773302646721 0.1306892067620286 0.053509781357882646 0.13654096228868662
0 0.44217491369390105 0.0929778933680104 0.048906789413118545 0.16254876462938883
0 0.451668584579977 0.1820546163849155 0.03682393555811281 0.10143042912873865
0 0.4614499424626007 0.23342002600780234 0.05178365937859608 0.05591677503250975
0 0.4910817031070196 0.30299089726918077 0.04200230149597234 0.11963589076723016
0 0.4680667433831991 0.25227568270481143 0.01898734177215189 0.03120936280884265
0 0.44188722669735325 0.34655396618985695 0.052934407364787106 0.17035110533159947
0 0.4499424626006905 0.46749024707412223 0.041426927502876854 0.165149544863459
0 0.40995397008055234 0.5734720416124838 0.05235903337169162 0.1872561768530559
0 0.4462025316455696 0.8120936280884266 0.06271576524741085 0.19635890767230169
0 0.3095512082853855 0.26397919375812745 0.04718066743383198 0.17685305591677503
0 0.3420598388952819 0.2152145643693108 0.029344073647871116 0.15994798439531857
