0 0.416015625 0.6474609375 0.06640625 0.173828125
0 0.41357421875 0.5390625 0.0673828125 0.07421875
0 0.4150390625 0.498046875 0.072265625 0.0625
0 0.26084373143196676 0.489946380697051 0.053475935828877025 0.1782841823056301
0 0.32293523469994057 0.5415549597855228 0.07783719548425433 0.16890080428954418
0 0.32115270350564473 0.45576407506702415 0.07664884135472366 0.17158176943699732
0 0.37254901960784315 0.410857908847185 0.023767082590612 0.014745308310991967
0 0.38057040998217473 0.3545576407506702 0.055258467023172886 0.06836461126005361
0 0.38037109375 0.486328125 0.0498046875 0.19140625
0 0.396484375 0.388671875 0.068359375 0.05078125
0 0.41748046875 0.4267578125 0.0419921875 0.052734375
0 0.43212890625 0.5009765625 0.0654296875 0.146484375
0 0.6339869281045752 0.621313672922252 0.047534165181224 0.22922252010723865
0 0.5885323826500297 0.4906166219839142 0.013666072489601944 0.08042895442359249
0 0.5837789661319073 0.3773458445040214 0.04575163398692805 0.13806970509383382
0 0.5647653000594177 0.4705093833780161 0.0505050505050505 0.21447721179624668
0 0.5448603683897801 0.6715817694369973 0.04159239453357111 0.22252010723860582
0 0.5160427807486632 0.524798927613941 0.04812834224598933 0.23190348525469168
0 0.4726678550207962 0.3063002680965148 0.04575163398692811 0.10857908847184988
0 0.48603683897801553 0.3894101876675603 0.05941770647653005 0.06836461126005361
0 0.48095703125 0.5126953125 0.0400390625 0.212890625
