0 0.93359375 0.814453125 0.0537109375 0.1943359375
0 0.14453125 0.52734375 0.04052734375 0.193359375
0 0.39111328125 0.328125 0.05029296875 0.154296875
0 0.4443359375 0.7353515625 0.06689453125 0.1904296875
0 0.71337890625 0.6728515625 0.03759765625 0.2001953125
0 0.7041015625 0.5048828125 0.04248046875 0.13671875
0 0.4423828125 0.2685546875 0.05419921875 0.16015625
0 0.4208984375 0.4169921875 0.04638671875 0.0810546875
0 0.5361328125 0.6904296875 0.06494140625 0.2236328125
0 0.41748046875 0.4892578125 0.04736328125 0.09765625
0 0.36279296875 0.6689453125 0.04541015625 0.158203125
0 0.7099609375 0.2958984375 0.02685546875 0.1708984375
0 0.80322265625 0.2353515625 0.03466796875 0.1572265625
0 0.5302734375 0.54296875 0.0576171875 0.0986328125
0 0.51220703125 0.3642578125 0.03662109375 0.0849609375
0 0.41357421875 0.5 0.0400390625 0.083984375
0 0.51953125 0.458984375 0.05078125 0.0791015625
0 0.41162109375 0.62890625 0.03955078125 0.1611328125
0 0.4547619047619047 0.5855957767722474 0.01428571428571429 0.06108597285067874
0 0.46224489795918366 0.5399698340874811 0.053061224489795944 0.11010558069381599
