0 0.9272133095662507 0.23927613941018766 0.0326797385620915 0.16219839142091153
0 0.6886512180629828 0.5797587131367292 0.03446226975638744 0.15415549597855227
0 0.5332739156268569 0.8130026809651475 0.024361259655377387 0.20777479892761397
0 0.6913250148544267 0.38873994638069703 0.024361259655377276 0.16890080428954424
0 0.673202614379085 0.2754691689008043 0.03327391562685689 0.09517426273458443
0 0.572192513368984 0.064343163538874 0.028520499108734443 0.11796246648793565
0 0.5570409982174689 0.24664879356568364 0.03624480095068339 0.061662198391420925
0 0.5519904931669638 0.3042895442359249 0.04040404040404044 0.06434316353887398
0 0.5612002376708259 0.3827077747989276 0.05644682115270361 0.1058981233243968
0 0.5442661913250149 0.46313672922252014 0.039215686274509776 0.14611260053619307
0 0.4913844325609032 0.06099195710455764 0.042780748663101664 0.12198391420911528
0 0.34491978609625673 0.3773458445040214 0.011289364230540666 0.038873994638069675
0 0.339572192513369 0.2868632707774799 0.02792632204396911 0.11528150134048257
0 0.3187759952465835 0.3920911528150134 0.03505644682115272 0.12734584450402148
0 0.46464646464646464 0.21380697050938338 0.03327391562685683 0.08981233243967829
0 0.4723707664884136 0.24731903485254692 0.03802733214497922 0.08176943699731906
0 0.476232917409388 0.2975871313672922 0.03862150920974455 0.05898123324396781
0 0.4955436720142603 0.39410187667560326 0.01307189542483661 0.04021447721179622
0 0.5041592394533572 0.34986595174262736 0.02911467617349972 0.096514745308311
0 0.4554367201426025 0.3954423592493298 0.046939988116458664 0.1313672922252011
0 0.4269162210338681 0.5442359249329759 0.04693998811645872 0.16890080428954418
0 0.417706476530006 0.8223860589812333 0.04991087344028522 0.18096514745308312
