0 0.7101116217990807 0.46838709677419355 0.034799737360472704 0.12903225806451618
0 0.7032173342087984 0.46451612903225803 0.007879185817465495 0.03354838709677416
0 0.7051871306631647 0.3709677419354839 0.018384766907419525 0.09677419354838712
0 0.5866710439921208 0.20258064516129032 0.03873933026920551 0.11612903225806448
0 0.47997373604727506 0.19032258064516128 0.023637557452396596 0.09419354838709679
0 0.5567957977675639 0.3387096774193548 0.0393959290873277 0.06322580645161291
0 0.551543007222587 0.3851612903225806 0.044648719632304656 0.052903225806451626
0 0.5239658568614576 0.43548387096774194 0.028890347997373556 0.09935483870967743
0 0.5590938936309914 0.4716129032258065 0.03742613263296124 0.14064516129032262
0 0.5850295469468154 0.6206451612903225 0.04858831254103746 0.15483870967741942
0 0.5610636900853578 0.8554838709677419 0.05187130663164807 0.16774193548387095
0 0.4054497701904136 0.8780645161290322 0.040052527905449775 0.15870967741935482
0 0.45141168745896254 0.516774193548387 0.034799737360472704 0.1406451612903225
0 0.43992120814182534 0.49032258064516127 0.009192383453709818 0.020645161290322567
0 0.46487196323046615 0.4458064516129032 0.03808273145108343 0.04516129032258065
0 0.47373604727511487 0.3903225806451613 0.04924491135915954 0.07096774193548383
0 0.46487196323046615 0.30387096774193545 0.03808273145108343 0.13032258064516128
0 0.34898227183191066 0.35806451612903223 0.032173342087984225 0.12774193548387097
0 0.21372291529875242 0.35161290322580646 0.007222586999343389 0.029677419354838697
0 0.22193040052527904 0.27677419354838706 0.02101116217990806 0.11225806451612902
0 0.33355219960604066 0.43032258064516127 0.02889034799737361 0.1354838709677419
0 0.325016414970453 0.5877419354838709 0.03282994090610636 0.16129032258064513
0 0.02429415627051871 0.6258064516129032 0.03939592908732764 0.16516129032258065
