0 0.10888671875 0.673828125 0.03515625 0.2080078125
0 0.64208984375 0.517578125 0.06494140625 0.1806640625
0 0.61669921875 0.3154296875 0.046875 0.1083984375
0 0.591796875 0.642578125 0.0576171875 0.24609375
0 0.8076171875 0.2919921875 0.0400390625 0.1689453125
0 0.64599609375 0.14453125 0.05078125 0.1640625
0 0.63623046875 0.2802734375 0.048828125 0.1435546875
0 0.76904296875 0.35546875 0.03125 0.1923828125
0 0.56640625 0.13671875 0.03125 0.1455078125
0 0.51953125 0.302734375 0.041015625 0.1494140625
0 0.390625 0.568359375 0.0390625 0.1962890625
0 0.47802734375 0.478515625 0.0546875 0.2041015625
0 0.357421875 0.2880859375 0.04052734375 0.2294921875
0 0.6220703125 0.3037109375 0.05126953125 0.1083984375
0 0.3481292517006802 0.1595022624434389 0.029591836734693844 0.16666666666666666
0 0.3695578231292517 0.19306184012066366 0.018027210884353773 0.03167420814479638
0 0.354421768707483 0.4068627450980392 0.027891156462585054 0.21342383107088997
0 0.5821428571428571 0.3740573152337858 0.047278911564625825 0.1085972850678733
0 0.4894557823129252 0.411764705882353 0.0482993197278912 0.09351432880844646
0 0.5518707482993197 0.5610859728506787 0.041156462585034026 0.1885369532428356
