0 0.60205078125 0.25 0.06103515625 0.2099609375
0 0.36572265625 0.8798828125 0.10205078125 0.240234375
0 0.6162109375 0.4248046875 0.06689453125 0.1875
0 0.283203125 0.3896484375 0.0537109375 0.2099609375
0 0.5009765625 0.2421875 0.05029296875 0.1806640625
0 0.27734375 0.7451171875 0.10009765625 0.2265625
0 0.35009765625 0.6484375 0.0634765625 0.1552734375
0 0.22802734375 0.494140625 0.05078125 0.23828125
0 0.77392578125 0.47265625 0.0546875 0.216796875
0 0.701171875 0.5400390625 0.048828125 0.259765625
0 0.06982421875 0.8662109375 0.04443359375 0.267578125
0 0.18359375 0.818359375 0.0361328125 0.2861328125
0 0.54345703125 0.453125 0.0615234375 0.1474609375
0 0.3955078125 0.5458984375 0.0654296875 0.169921875
0 0.47412109375 0.3603515625 0.05712890625 0.1923828125
0 0.06494140625 0.3505859375 0.03515625 0.232421875
0 0.5234375 0.5068359375 0.0634765625 0.158203125
0 0.47802734375 0.66015625 0.0849609375 0.220703125
0 0.42236328125 0.4287109375 0.06103515625 0.09765625
0 0.4760204081632653 0.5199849170437406 0.0744897959183673 0.05957767722473606
0 0.3379251700680272 0.8446455505279036 0.046598639455782354 0.2579185520361992
