0 0.59716796875 0.193359375 0.048828125 0.1533203125
0 0.677734375 0.8388671875 0.072265625 0.189453125
0 0.6669921875 0.291015625 0.0478515625 0.1435546875
0 0.55908203125 0.650390625 0.0419921875 0.1875
0 0.6279296875 0.4384765625 0.04541015625 0.083984375
0 0.12548828125 0.630859375 0.0498046875 0.18359375
0 0.55029296875 0.8525390625 0.0439453125 0.1708984375
0 0.41845703125 0.51171875 0.0517578125 0.16015625
0 0.53515625 0.5634765625 0.05078125 0.119140625
0 0.517578125 0.341796875 0.05859375 0.130859375
0 0.8115234375 0.5458984375 0.02978515625 0.1708984375
0 0.5207482993197279 0.42420814479638014 0.0591836734693878 0.09728506787330321
0 0.3681972789115646 0.20060331825037708 0.02823129251700679 0.1417797888386124
0 0.30884353741496595 0.06146304675716441 0.02517006802721089 0.12292609351432882
0 0.5287414965986394 0.4962292609351433 0.050680272108843516 0.10558069381598795
0 0.5993197278911564 0.5075414781297134 0.0496598639455782 0.11312217194570134
0 0.6520408163265305 0.5708898944193062 0.045578231292517035 0.1568627450980392
0 0.7775510204081633 0.4698340874811463 0.03809523809523807 0.18250377073906482
0 0.6176870748299319 0.10105580693815988 0.027891156462585 0.12217194570135748
0 0.6357142857142857 0.3804675716440422 0.04081632653061229 0.08672699849170434
