0 0.4946418499717992 0.852405721716515 0.0620417371686407 0.22756827048114436
0 0.4830795262267344 0.6222366710013004 0.07388606880992665 0.2249674902470742
0 0.5524534686971236 0.4830949284785436 0.06486181613085173 0.19895968790637186
0 0.5425831923293853 0.3446033810143043 0.05640157924421885 0.17945383615084526
0 0.7244782853919911 0.25682704811443435 0.06373378454596723 0.20416124837451236
0 0.7594472645234067 0.2080624187256177 0.02876480541455162 0.20286085825747724
0 0.5975747320924987 0.21131339401820548 0.008460236886632777 0.016905071521456455
0 0.5829103214890017 0.14629388816644995 0.04004512126339532 0.06892067620286087
0 0.5315848843767625 0.2633289986996099 0.045685279187817174 0.07412223667100129
0 0.5693739424703892 0.2340702210663199 0.06711787930062041 0.1612483745123537
0 0.575014100394811 0.16970091027308193 0.050197405527354744 0.11573472041612483
0 0.4909757473209251 0.13328998699609884 0.04906937394247041 0.11313394018205461
0 0.45600676818950936 0.17815344603381014 0.04117315284827977 0.1326397919375813
0 0.3973491257755217 0.14369310793237972 0.03778905809362659 0.17555266579973994
0 0.4402143260011281 0.293888166449935 0.05358150028200792 0.1222366710013004
0 0.40862944162436554 0.32769830949284784 0.05696559503666104 0.12483745123537066
0 0.4097574732092499 0.46228868660598177 0.07614213197969544 0.13654096228868656
0 0.34461364918217713 0.6144343302990898 0.03271291596164694 0.2301690507152146
0 0.24252679075014102 0.4161248374512354 0.04512126339537509 0.23927178153446033
0 0.019740552735476594 0.21456436931079323 0.03384094754653131 0.21846553966189858
0 0.047941342357586014 0.14499349804941483 0.03948110547095318 0.22496749024707413
