0 0.7568673290473407 0.6270967741935484 0.0455873758036236 0.23483870967741938
0 0.7565751022793687 0.4419354838709677 0.04734073641145531 0.18967741935483867
0 0.7358270017533606 0.3141935483870968 0.0455873758036236 0.10451612903225804
0 0.7174167153711279 0.22580645161290325 0.04617182933956743 0.09548387096774194
0 0.6940385739333723 0.5225806451612903 0.037989479836353035 0.21935483870967737
0 0.559322033898305 0.5303225806451612 0.07364114552893053 0.13677419354838716
0 0.5485096434833431 0.40645161290322585 0.0765634132086499 0.12129032258064515
0 0.526592635885447 0.31806451612903225 0.053769725306838045 0.08645161290322578
0 0.504967855055523 0.23612903225806453 0.06779661016949151 0.1109677419354839
0 0.5099357101110462 0.12645161290322582 0.04617182933956754 0.11612903225806451
0 0.40619520748100524 0.14129032258064517 0.0455873758036236 0.17935483870967742
0 0.4044418468731735 0.31225806451612903 0.046756282875511423 0.0903225806451613
0 0.42928112215078895 0.2658064516129032 0.0122735242548217 0.023225806451612874
0 0.4108708357685564 0.23677419354838708 0.05143191116306256 0.0993548387096774
0 0.4443359375 0.2900390625 0.041015625 0.083984375
0 0.4623027469316189 0.34451612903225803 0.053769725306838156 0.12387096774193546
0 0.4307422559906487 0.37290322580645163 0.0537697253068381 0.06967741935483868
0 0.43395675043834014 0.4070967741935484 0.05902980713033312 0.07870967741935486
0 0.46697837521917007 0.42129032258064514 0.01285797779076564 0.02709677419354839
0 0.44681472822910573 0.49677419354838714 0.05669199298655753 0.11870967741935484
0 0.4254821741671537 0.5019354838709678 0.05727644652250147 0.08258064516129032
0 0.41437755698421974 0.5825806451612903 0.07831677381648161 0.20516129032258068
0 0.14465225014611338 0.33741935483870966 0.03448275862068964 0.20774193548387096
