0 0.6222669735327964 0.697721179624665 0.03394706559263516 0.2184986595174262
0 0.6590909090909092 0.4457104557640751 0.03855005753739926 0.1648793565683646
0 0.6406789413118528 0.36126005361930297 0.03855005753739926 0.1487935656836461
0 0.5299194476409667 0.2198391420911528 0.009205983889528202 0.050938337801608585
0 0.5273302646720368 0.1380697050938338 0.02474108170310707 0.07774798927613942
0 0.5382623705408516 0.24597855227882037 0.03049482163406214 0.17024128686327078
0 0.5181242807825086 0.30898123324396787 0.04775604142692752 0.10053619302949063
0 0.5120828538550057 0.3558981233243968 0.046029919447640955 0.03887399463806973
0 0.5261795166858458 0.43029490616621985 0.06041426927502874 0.12064343163538871
0 0.5279056386651324 0.5315013404825738 0.052359033371691566 0.12734584450402148
0 0.3886651323360184 0.21112600536193027 0.04545454545454547 0.17828418230563
0 0.4315304948216341 0.2781501340482574 0.0391254315304948 0.036193029490616646
0 0.43354430379746833 0.306970509383378 0.04085155350978137 0.05630026809651473
0 0.43757192174913695 0.346514745308311 0.04545454545454547 0.0630026809651475
0 0.46490218642117376 0.39075067024128685 0.03337169159953968 0.10053619302949063
0 0.45109321058688145 0.41554959785522794 0.013808975834292303 0.08579088471849866
0 0.42433831990794013 0.46246648793565687 0.04775604142692752 0.1742627345844504
0 0.42433831990794013 0.6561662198391421 0.05235903337169162 0.19705093833780163
0 0.3621979286536249 0.7064343163538873 0.05466052934407367 0.20375335120643434
0 0.25747986191024164 0.43230563002680966 0.008630609896432662 0.046916890080428986
0 0.2727272727272727 0.3532171581769437 0.03337169159953973 0.19705093833780163
0 0.25230149597238205 0.4363270777479893 0.03855005753739929 0.17828418230563003
0 0.5808400460299195 0.6414209115281502 0.038550057537399374 0.1997319034852547
