0 0.38623046875 0.6083984375 0.07763671875 0.21875
0 0.2978515625 0.16796875 0.04443359375 0.173828125
0 0.46630859375 0.4677734375 0.0634765625 0.1572265625
0 0.24951171875 0.4091796875 0.05322265625 0.1875
0 0.14990234375 0.4140625 0.05029296875 0.21484375
0 0.45263671875 0.744140625 0.0791015625 0.2431640625
0 0.3251953125 0.5595703125 0.06640625 0.201171875
0 0.298828125 0.32421875 0.05029296875 0.1455078125
0 0.8974609375 0.7353515625 0.04296875 0.197265625
0 0.322265625 0.388671875 0.0595703125 0.1337890625
0 0.5001700680272109 0.5407239819004526 0.06156462585034017 0.191553544494721
0 0.5887755102040816 0.35935143288084465 0.04217687074829923 0.1606334841628959
0 0.6904761904761905 0.5980392156862746 0.04013605442176871 0.20512820512820518
0 0.6709183673469388 0.5520361990950227 0.015306122448979553 0.04977375565610864
0 0.6605442176870748 0.4607843137254902 0.03809523809523807 0.1809954751131222
0 0.7700680272108843 0.18250377073906487 0.04081632653061229 0.1870286576168929
0 0.43605442176870746 0.3706636500754148 0.06394557823129254 0.12292609351432882
0 0.39132653061224487 0.25414781297134237 0.047278911564625825 0.14479638009049772
0 0.3818027210884354 0.14027149321266968 0.03843537414965986 0.10407239819004525
0 0.3736394557823129 0.41892911010558076 0.05816326530612248 0.10482654600301661
0 0.352891156462585 0.501131221719457 0.047278911564625825 0.17119155354449472
