0 0.8119429590017826 0.25804289544235925 0.024361259655377276 0.13538873994638068
0 0.9854426619132503 0.4906166219839142 0.02317290552584672 0.16085790884718504
0 0.7346999405822936 0.6896782841823056 0.0326797385620915 0.1675603217158177
0 0.6690433749257279 0.514745308310992 0.019013666072489666 0.15549597855227887
0 0.5912061794414736 0.31836461126005366 0.023767082590612 0.13538873994638073
0 0.4943553178847297 0.1789544235924933 0.015448603683897777 0.12466487935656835
0 0.48187759952465836 0.1977211796246649 0.014260249554367221 0.13002680965147453
0 0.4646464646464647 0.27010723860589814 0.029708853238265 0.08981233243967826
0 0.4896019013666073 0.3130026809651475 0.038027332144979165 0.08981233243967829
0 0.5017825311942959 0.40951742627345844 0.04812834224598933 0.08176943699731903
0 0.5017825311942959 0.4718498659517426 0.03267973856209144 0.08847184986595175
0 0.46256684491978617 0.7419571045576407 0.04575163398692811 0.15683646112600536
0 0.4144385026737968 0.5583109919571045 0.03980986333927511 0.14611260053619302
0 0.3980986333927511 0.4738605898123325 0.043969102792632164 0.14343163538874
0 0.416815210932858 0.39343163538873993 0.024361259655377276 0.10321715817694371
0 0.441473559120618 0.38739946380697055 0.009506833036244777 0.04021447721179622
0 0.44830659536541895 0.35321715817694366 0.023172905525846665 0.09249329758713137
0 0.4233511586452763 0.3163538873994638 0.03149138443256089 0.05093833780160856
0 0.4079025549613785 0.2935656836461126 0.03149138443256089 0.10723860589812334
0 0.39928698752228164 0.20375335120643434 0.03327391562685683 0.1099195710455764
0 0.3086749851455734 0.24731903485254692 0.018419489007724277 0.09785522788203757
0 0.30926916221033873 0.3378016085790885 0.03980986333927511 0.1394101876675603
