0 0.9819727891156462 0.64 0.03537414965986396 0.1757142857142857
0 0.9668367346938775 0.40214285714285714 0.03503401360544223 0.16142857142857142
0 0.80578231292517 0.23714285714285716 0.03129251700680269 0.15285714285714283
0 0.6022108843537415 0.7310714285714286 0.0357142857142857 0.19357142857142862
0 0.5467687074829932 0.7539285714285715 0.03231292517006812 0.19357142857142862
0 0.5258503401360544 0.7289285714285714 0.029251700680272164 0.11928571428571433
0 0.542687074829932 0.6710714285714285 0.06360544217687081 0.11071428571428577
0 0.5486394557823129 0.6174999999999999 0.05578231292517 0.09357142857142853
0 0.5656462585034013 0.5382142857142858 0.04761904761904767 0.11928571428571427
0 0.5455782312925169 0.505 0.048299319727891143 0.10000000000000003
0 0.5448979591836735 0.36892857142857144 0.03197278911564627 0.14214285714285713
0 0.4712585034013605 0.22428571428571428 0.047278911564625825 0.1414285714285714
0 0.41615646258503397 0.3607142857142857 0.04251700680272108 0.14428571428571424
0 0.4039115646258503 0.5 0.04251700680272108 0.12857142857142856
0 0.44914965986394556 0.5125 0.04931972789115646 0.12642857142857145
0 0.46615646258503396 0.5403571428571429 0.04455782312925166 0.07785714285714285
0 0.48520408163265305 0.605 0.0465986394557823 0.12857142857142856
0 0.42976190476190473 0.6682142857142856 0.05544217687074826 0.15357142857142858
0 0.42772108843537415 0.7489285714285714 0.06632653061224486 0.1607142857142857
0 0.26343537414965984 0.6317857142857143 0.027551020408163263 0.17928571428571427
0 0.29370748299319727 0.5657142857142857 0.05340136054421768 0.16999999999999998
