0 0.17724609375 0.556640625 0.04248046875 0.2353515625
0 0.36181640625 0.6513671875 0.0654296875 0.18359375
0 0.52880859375 0.7451171875 0.07470703125 0.1875
0 0.60888671875 0.404296875 0.06103515625 0.2001953125
0 0.482421875 0.6064453125 0.06005859375 0.140625
0 0.46435546875 0.83203125 0.07568359375 0.23046875
0 0.2646484375 0.4453125 0.0556640625 0.1591796875
0 0.68994140625 0.1728515625 0.025390625 0.1767578125
0 0.65771484375 0.572265625 0.041015625 0.1904296875
0 0.41748046875 0.373046875 0.0517578125 0.1474609375
0 0.14892578125 0.5 0.05224609375 0.17578125
0 0.55322265625 0.29296875 0.03564453125 0.18359375
0 0.40478515625 0.5712890625 0.06298828125 0.1337890625
0 0.3271484375 0.44140625 0.05224609375 0.1220703125
0 0.98095703125 0.8505859375 0.037109375 0.224609375
0 0.44921875 0.48828125 0.06591796875 0.1181640625
0 0.34228515625 0.517578125 0.060546875 0.126953125
0 0.9663265306122448 0.659502262443439 0.029251700680272164 0.2300150829562594
0 0.2974489795918367 0.3453996983408748 0.04319727891156461 0.19306184012066369
0 0.3192176870748299 0.3167420814479638 0.012585034013605445 0.057315233785821984
0 0.31037414965986393 0.22473604826546006 0.037755102040816335 0.09803921568627452
