0 0.8356725146198831 0.5417789757412399 0.03391812865497068 0.19137466307277634
0 0.8681286549707603 0.30188679245283023 0.020467836257309968 0.18328840970350407
0 0.7318713450292398 0.22776280323450138 0.030994152046783574 0.1671159029649596
0 0.7149122807017544 0.28773584905660377 0.02514619883040936 0.1765498652291105
0 0.672514619883041 0.4615902964959569 0.037426900584795364 0.19811320754716977
0 0.5494152046783626 0.6752021563342319 0.03567251461988308 0.18867924528301883
0 0.39327485380116955 0.8490566037735849 0.04736842105263156 0.19137466307277629
0 0.5239766081871345 0.48247978436657685 0.05614035087719299 0.12398921832884102
0 0.564327485380117 0.3928571428571429 0.056140350877193046 0.11185983827493262
0 0.59093567251462 0.3160377358490566 0.0368421052631579 0.1522911051212938
0 0.6078947368421053 0.23989218328840972 0.033333333333333326 0.15902964959568733
0 0.5131578947368421 0.25202156334231807 0.038011695906432774 0.048517520215633464
0 0.32280701754385965 0.37735849056603776 0.010526315789473717 0.037735849056603765
0 0.3456140350877193 0.29380053908355797 0.03508771929824561 0.123989218328841
0 0.3450292397660819 0.6576819407008087 0.06081871345029238 0.18598382749326148
0 0.25555555555555554 0.8133423180592992 0.049122807017543846 0.17385444743935308
0 0.3830409356725146 0.5067385444743935 0.053801169590643294 0.17520215633423175
0 0.45263157894736844 0.43194070080862534 0.03508771929824561 0.1253369272237197
0 0.4666666666666667 0.39622641509433965 0.03508771929824561 0.10512129380053914
0 0.508187134502924 0.3632075471698113 0.04327485380116958 0.10916442048517522
0 0.50048828125 0.310546875 0.0439453125 0.05078125
0 0.49736842105263157 0.2789757412398922 0.03216374269005845 0.037735849056603765
