0 0.6754385964912282 0.3862660944206009 0.03157894736842104 0.1545064377682403
0 0.668421052631579 0.3540772532188841 0.0444444444444444 0.2188841201716738
0 0.5763157894736842 0.8376251788268956 0.05204678362573101 0.19313304721030045
0 0.5760233918128654 0.5736766809728183 0.04561403508771933 0.16309012875536477
0 0.5491228070175439 0.4105865522174535 0.039766081871345005 0.14020028612303292
0 0.5222222222222223 0.38698140200286124 0.009356725146198785 0.05007153075822601
0 0.5114035087719299 0.3547925608011445 0.03099415204678363 0.09728183118741057
0 0.5432748538011696 0.3061516452074392 0.04444444444444451 0.07725321888412018
0 0.5426900584795322 0.26680972818311877 0.036257309941520544 0.04434907010014305
0 0.5570175438596492 0.23605150214592274 0.03450292397660826 0.07439198855507867
0 0.5076023391812865 0.1459227467811159 0.008187134502923965 0.034334763948497854
0 0.5225146198830409 0.09155937052932761 0.03801169590643272 0.1344778254649499
0 0.454093567251462 0.08369098712446352 0.027485380116959113 0.09298998569384836
0 0.4444444444444444 0.19456366237482114 0.030409356725146164 0.16881258941344776
0 0.4786549707602339 0.25822603719599424 0.0345029239766082 0.05865522174535048
0 0.46578947368421053 0.30543633762517886 0.0368421052631579 0.05865522174535048
0 0.460233918128655 0.36480686695278974 0.05029239766081872 0.08297567954220314
0 0.4704678362573099 0.4420600858369099 0.041520467836257346 0.10014306151645208
0 0.44298245614035087 0.5300429184549357 0.02514619883040936 0.190271816881259
0 0.47076023391812866 0.8555078683834049 0.03391812865497079 0.18597997138769662
0 0.34035087719298246 0.37339055793991416 0.026900584795321647 0.15736766809728187
0 0.34210526315789475 0.26824034334763946 0.026900584795321647 0.1101573676680973
0 0.033625730994152045 0.5200286123032904 0.02631578947368421 0.1988555078683834
