0 0.9085155350978136 0.3739946380697051 0.020713463751438344 0.16085790884718498
0 0.5609896432681243 0.3532171581769437 0.028768699654775576 0.12466487935656834
0 0.5630034522439586 0.48190348525469173 0.02819332566168009 0.15415549597855233
0 0.5457422324510932 0.5878016085790885 0.03394706559263527 0.1327077747989276
0 0.5325086306098965 0.6876675603217158 0.02819332566168009 0.1930294906166219
0 0.496547756041427 0.20777479892761397 0.02416570771001153 0.128686327077748
0 0.4470655926352129 0.453083109919571 0.04948216340621403 0.08847184986595175
0 0.44303797468354433 0.5516085790884718 0.047180667433832035 0.10053619302949057
0 0.42894131185270423 0.6172922252010724 0.05466052934407367 0.08176943699731898
0 0.43325661680092065 0.6896782841823057 0.046029919447640955 0.1514745308310993
0 0.4105293440736479 0.7882037533512065 0.03049482163406214 0.1769436997319035
0 0.4076524741081703 0.20375335120643434 0.03164556962025317 0.128686327077748
