0 0.7603741496598639 0.5941977077363897 0.04523809523809519 0.16690544412607444
0 0.708843537414966 0.48495702005730656 0.03673469387755102 0.15616045845272208
0 0.7081632653061224 0.39040114613180515 0.03741496598639449 0.1031518624641834
0 0.7081632653061224 0.2972779369627507 0.03809523809523818 0.15759312320916904
0 0.7185374149659863 0.7159742120343839 0.03843537414965992 0.21704871060171915
0 0.5722789115646258 0.7489255014326648 0.0670068027210885 0.12535816618911177
0 0.5634353741496598 0.6378939828080229 0.05272108843537415 0.08810888252148996
0 0.5525510204081632 0.5415472779369627 0.0670068027210885 0.09742120343839539
0 0.523469387755102 0.4609598853868194 0.06122448979591838 0.10959885386819485
0 0.5263605442176871 0.3431232091690545 0.028911564625850317 0.14040114613180515
0 0.45833333333333326 0.704512893982808 0.05340136054421768 0.14255014326647564
0 0.44948979591836735 0.6275071633237822 0.0465986394557823 0.05873925501432664
0 0.4510204081632653 0.5906160458452722 0.05306122448979589 0.056590257879656214
0 0.47857142857142854 0.5608882521489971 0.05034013605442178 0.08739255014326652
0 0.43724489795918364 0.5250716332378224 0.0418367346938775 0.10744985673352431
0 0.4619047619047619 0.5136103151862464 0.03129251700680269 0.06733524355300863
0 0.4370748299319728 0.45630372492836674 0.04557823129251698 0.0888252148997134
0 0.37482993197278913 0.4280085959885387 0.054421768707483 0.17263610315186245
0 0.41989795918367345 0.3535100286532951 0.048639455782312935 0.14398280802292263
0 0.38078231292517006 0.330945558739255 0.032993197278911535 0.11747851002865328
0 0.14489795918367346 0.6171203438395415 0.015646258503401345 0.026504297994269344
0 0.141156462585034 0.5447707736389684 0.026530612244897944 0.10530085959885394
0 0.14472789115646256 0.5576647564469914 0.03163265306122451 0.18553008595988546
