0 0.6224489795918366 0.8646428571428572 0.04761904761904756 0.17500000000000004
0 0.6578231292517006 0.6935714285714286 0.04149659863945576 0.18571428571428572
0 0.7801020408163265 0.44785714285714284 0.034353741496598644 0.1685714285714286
0 0.7117346938775511 0.2475 0.03367346938775506 0.13928571428571426
0 0.5688775510204082 0.7785714285714286 0.06904761904761902 0.12571428571428567
0 0.5641156462585033 0.6646428571428571 0.06292517006802723 0.1449999999999999
0 0.5658163265306122 0.6003571428571428 0.05884353741496606 0.10071428571428565
0 0.560374149659864 0.5375000000000001 0.04931972789115646 0.04500000000000004
0 0.5465986394557822 0.4714285714285714 0.03809523809523807 0.09142857142857141
0 0.542517006802721 0.3846428571428572 0.036054421768707434 0.11928571428571427
0 0.45680272108843534 0.8503571428571428 0.07074829931972793 0.17785714285714282
0 0.44217687074829926 0.6960714285714286 0.047619047619047616 0.15500000000000003
0 0.2586734693877551 0.6639285714285714 0.032312925170068035 0.17928571428571427
0 0.2913265306122449 0.5910714285714286 0.05408163265306121 0.18642857142857144
0 0.44625850340136053 0.624642857142857 0.04285714285714287 0.062142857142857166
0 0.4892857142857142 0.6303571428571428 0.045238095238095244 0.11071428571428577
0 0.4666666666666667 0.5567857142857142 0.04625850340136056 0.07500000000000007
0 0.45068027210884354 0.5278571428571428 0.05102040816326531 0.1314285714285714
0 0.4197278911564626 0.4982142857142857 0.027891156462585054 0.05499999999999999
0 0.4498299319727891 0.4317857142857143 0.03367346938775506 0.10499999999999998
0 0.4023809523809524 0.38321428571428573 0.05102040816326531 0.15357142857142858
0 0.398469387755102 0.23714285714285716 0.039795918367346916 0.14
