0 0.2529296875 0.67578125 0.06982421875 0.1943359375
0 0.29052734375 0.470703125 0.0634765625 0.185546875
0 0.40087890625 0.5732421875 0.0654296875 0.18359375
0 0.6767578125 0.849609375 0.0439453125 0.2001953125
0 0.68115234375 0.1845703125 0.03271484375 0.18359375
0 0.60205078125 0.37109375 0.041015625 0.16015625
0 0.13330078125 0.4619140625 0.0390625 0.1806640625
0 0.52880859375 0.52734375 0.02783203125 0.2138671875
0 0.33203125 0.302734375 0.04052734375 0.0888671875
0 0.3603515625 0.4306640625 0.0634765625 0.1455078125
0 0.1689453125 0.7216796875 0.08837890625 0.236328125
0 0.43359375 0.4990234375 0.06689453125 0.13671875
0 0.66943359375 0.6552734375 0.029296875 0.2021484375
0 0.40576171875 0.140625 0.04931640625 0.1572265625
0 0.474609375 0.259765625 0.06103515625 0.1396484375
0 0.33544921875 0.3291015625 0.044921875 0.06640625
0 0.40966796875 0.568359375 0.0478515625 0.1806640625
0 0.4552721088435374 0.3755656108597285 0.06700680272108844 0.11764705882352938
0 0.3649659863945578 0.10784313725490197 0.044217687074829926 0.15987933634992457
0 0.18146258503401358 0.36199095022624433 0.03775510204081631 0.18401206636500755
0 0.7212585034013606 0.09502262443438915 0.02619047619047621 0.17496229260935145
0 0.9258503401360543 0.2895927601809955 0.033333333333333326 0.19607843137254902
0 0.3197278911564626 0.44343891402714936 0.03945578231292518 0.1357466063348417
