0 0.22998046875 0.8525390625 0.0458984375 0.19140625
0 0.501953125 0.5380859375 0.0712890625 0.197265625
0 0.7724609375 0.56640625 0.07275390625 0.197265625
0 0.46630859375 0.7861328125 0.05419921875 0.1904296875
0 0.23828125 0.52734375 0.03515625 0.1796875
0 0.29248046875 0.703125 0.0380859375 0.1591796875
0 0.39990234375 0.275390625 0.04833984375 0.1572265625
0 0.6015625 0.478515625 0.04345703125 0.1640625
0 0.4482421875 0.353515625 0.05078125 0.1552734375
0 0.1240234375 0.3955078125 0.04296875 0.16015625
0 0.38232421875 0.37109375 0.03662109375 0.1328125
0 0.7268707482993197 0.7277526395173455 0.0496598639455782 0.15987933634992457
0 0.6651360544217686 0.6900452488687783 0.07721088435374146 0.19155354449472095
0 0.6120748299319727 0.7846907993966818 0.037755102040816335 0.21191553544494723
0 0.3360544217687075 0.36010558069381604 0.04285714285714287 0.14404223227752638
0 0.28741496598639454 0.2812971342383107 0.033333333333333326 0.16289592760180993
0 0.5249999999999999 0.5456259426847663 0.01122448979591828 0.02941176470588236
0 0.5345238095238094 0.417420814479638 0.02619047619047621 0.08521870286576172
0 0.5569727891156462 0.46907993966817496 0.030272108843537482 0.07088989441930615
0 0.5479591836734694 0.664027149321267 0.048299319727891254 0.19381598793363508
0 0.583843537414966 0.641025641025641 0.031632653061224536 0.16892911010558065
