0 0.48681640625 0.521484375 0.06787109375 0.1181640625
0 0.48876953125 0.740234375 0.06787109375 0.154296875
0 0.3935546875 0.8251953125 0.072265625 0.197265625
0 0.7119140625 0.1826171875 0.02587890625 0.1474609375
0 0.6328125 0.6171875 0.0419921875 0.1728515625
0 0.9228515625 0.568359375 0.03466796875 0.1875
0 0.8232421875 0.888671875 0.0478515625 0.18359375
0 0.6455078125 0.27734375 0.0341796875 0.1396484375
0 0.54931640625 0.41796875 0.0322265625 0.1767578125
0 0.3525390625 0.228515625 0.0517578125 0.130859375
0 0.21435546875 0.53515625 0.02734375 0.18359375
0 0.189453125 0.6240234375 0.0400390625 0.1845703125
0 0.41428571428571426 0.37368024132730016 0.048979591836734726 0.15761689291101055
0 0.37193877551020404 0.28996983408748117 0.045238095238095244 0.15309200603318251
0 0.3668367346938775 0.45550527903469085 0.041156462585034026 0.09049773755656104
0 0.3799319727891156 0.5086726998491704 0.04149659863945576 0.09577677224736048
0 0.4183673469387755 0.5690045248868778 0.042176870748299344 0.12895927601809964
0 0.3773809523809524 0.5637254901960784 0.04387755102040819 0.07616892911010553
0 0.3586734693877551 0.6621417797888387 0.06156462585034017 0.15384615384615385
0 0.4772108843537415 0.3996983408748115 0.053741496598639416 0.14479638009049778
0 0.4835034013605442 0.6546003016591252 0.06768707482993197 0.11161387631975872
