0 0.9896432681242808 0.2520107238605898 0.019562715765247485 0.17158176943699732
0 0.9669159953970081 0.603887399463807 0.03394706559263516 0.19168900804289546
0 0.6593785960874569 0.3351206434316354 0.034522439585730647 0.14477211796246647
0 0.6248561565017261 0.4289544235924933 0.028768699654775576 0.1742627345844504
0 0.6139240506329113 0.26273458445040215 0.031070195627157626 0.1420911528150134
0 0.5468929804372842 0.16085790884718498 0.02934407364787106 0.12332439678284184
0 0.5161104718066744 0.2453083109919571 0.043728423475258904 0.09383378016085794
0 0.5307825086306099 0.33042895442359255 0.046605293440736495 0.10053619302949063
0 0.5230149597238205 0.3853887399463807 0.04027617951668583 0.11126005361930297
0 0.5184119677790564 0.49865951742627346 0.052934407364787106 0.1152815013404826
0 0.5210011507479861 0.6722520107238606 0.03739930955120829 0.17024128686327078
0 0.45569620253164556 0.15750670241286863 0.03682393555811275 0.14879356568364613
0 0.41915995397008055 0.2620643431635389 0.03624856156501727 0.12734584450402145
0 0.43239355581127736 0.3257372654155496 0.007479861910241692 0.013404825737265424
0 0.4439010356731876 0.2808310991957105 0.03855005753739932 0.060321715817694355
0 0.4548331415420023 0.3156836461126006 0.03855005753739932 0.04691689008042893
0 0.306674338319908 0.3297587131367292 0.0391254315304948 0.17158176943699732
0 0.3187571921749137 0.3853887399463807 0.011507479861910197 0.04691689008042893
0 0.29372842347525896 0.3029490616621984 0.03394706559263522 0.14745308310991959
0 0.41858457997698506 0.6099195710455765 0.044303797468354444 0.1742627345844504
0 0.35500575373993093 0.6548257372654156 0.047180667433832035 0.17828418230563003
0 0.43670886075949367 0.43699731903485256 0.04027617951668583 0.13404825737265413
0 0.475258918296893 0.3545576407506702 0.024165707710011475 0.0710455764075067
