0 0.9685015290519877 0.6193103448275861 0.04587155963302747 0.22344827586206895
0 0.9186544342507645 0.22413793103448273 0.03180428134556579 0.20551724137931032
0 0.6336391437308868 0.35724137931034483 0.04036697247706411 0.17655172413793102
0 0.5941896024464832 0.4648275862068965 0.03975535168195721 0.20965517241379306
0 0.5351681957186545 0.21448275862068963 0.03302752293577982 0.1806896551724138
0 0.5171253822629969 0.1889655172413793 0.014067278287461793 0.07448275862068965
0 0.5192660550458715 0.08965517241379309 0.03425076452599396 0.09103448275862068
0 0.4737003058103975 0.3227586206896551 0.06299694189602445 0.12137931034482757
0 0.4599388379204893 0.4034482758620689 0.06972477064220184 0.11172413793103447
0 0.4440366972477064 0.4703448275862069 0.05871559633027523 0.14068965517241377
0 0.4128440366972477 0.5724137931034482 0.07339449541284404 0.1351724137931034
0 0.3565749235474006 0.8241379310344827 0.053822629969418945 0.21379310344827585
0 0.21743119266055044 0.8089655172413792 0.07155963302752291 0.22482758620689658
0 0.14097859327217124 0.3696551724137931 0.05321100917431193 0.2096551724137931
0 0.16605504587155961 0.32482758620689656 0.02507645259938837 0.19724137931034483
0 0.3064220183486238 0.5075862068965518 0.053822629969418945 0.16000000000000003
0 0.3271484375 0.4677734375 0.0546875 0.138671875
0 0.36697247706422015 0.46482758620689657 0.022018348623853212 0.027586206896551724
0 0.36972477064220177 0.4103448275862069 0.05810397553516816 0.12275862068965515
0 0.35009765625 0.359375 0.0458984375 0.07421875
0 0.3403669724770642 0.37103448275862067 0.015290519877675823 0.024827586206896513
0 0.3532110091743119 0.2889655172413793 0.045871559633027525 0.10068965517241382
0 0.3055045871559633 0.28965517241379307 0.045871559633027525 0.1462068965517241
0 0.38685015290519875 0.1993103448275862 0.037308868501529036 0.1862068965517241
0 0.34014717125382266 0.16275862068965516 0.03652522935779817 0.17103448275862065
