0 0.3286259541984733 0.8298662704309063 0.07862595419847329 0.20950965824665668
0 0.21603053435114503 0.8313521545319464 0.054961832061068694 0.17384843982169396
0 0.33167938931297714 0.27934621099554235 0.03587786259541986 0.1842496285289747
0 0.2870229007633588 0.2689450222882615 0.04427480916030535 0.19316493313521543
0 0.3103053435114504 0.1263001485884101 0.02977099236641223 0.15156017830609214
0 0.4908396946564886 0.0950965824665676 0.03511450381679393 0.15156017830609214
0 0.6732824427480916 0.11738484398216938 0.05343511450381677 0.18424962852897472
0 0.7377862595419847 0.30237741456166417 0.037404580152671674 0.19167904903417532
0 0.7103053435114504 0.3343239227340267 0.04961832061068705 0.20505200594353643
0 0.6232824427480916 0.25482912332838037 0.04961832061068705 0.14710252600297177
0 0.6022900763358778 0.16567607726597325 0.027480916030534375 0.14710252600297175
0 0.5751908396946566 0.26300148588410105 0.06030534351145034 0.13670133729569092
0 0.5458015267175573 0.31054977711738485 0.056488549618320616 0.12481426448737001
0 0.4984732824427481 0.14561664190193163 0.030534351145038108 0.11589895988112928
0 0.48702290076335875 0.24739970282317977 0.04885496183206106 0.0906389301634472
0 0.4446564885496183 0.31723625557206536 0.05419847328244276 0.10846953937592863
0 0.40954198473282444 0.3930163447251114 0.05877862595419847 0.11144130757800891
0 0.333206106870229 0.4925705794947994 0.06030534351145034 0.16493313521545316
0 0.3797709923664122 0.46062407132243677 0.05267175572519084 0.11887072808320948
