0 0.9407364787111623 0.6394101876675604 0.025316455696202556 0.21447721179624668
0 0.942174913693901 0.3699731903485255 0.010932105868814768 0.04021447721179622
0 0.9487917146144995 0.29088471849865954 0.020713463751438455 0.17694369973190352
0 0.6622554660529344 0.24597855227882037 0.024165707710011475 0.16219839142091153
0 0.5814154200230149 0.12332439678284182 0.02589182968929804 0.14477211796246647
0 0.5330840046029919 0.3679624664879356 0.03279631760644419 0.10857908847184988
0 0.5560989643268124 0.4658176943699732 0.03624856156501732 0.17560321715817695
0 0.5417146144994247 0.48592493297587136 0.02819332566168009 0.12734584450402148
0 0.5330840046029919 0.5871313672922251 0.040851553509781424 0.16621983914209115
0 0.5005753739930955 0.6280160857908847 0.03337169159953968 0.15683646112600536
0 0.5054660529344074 0.7607238605898123 0.03970080552359034 0.1863270777479893
0 0.383199079401611 0.7171581769436997 0.06444188722669736 0.193029490616622
0 0.42491369390103567 0.5857908847184987 0.0558112773302647 0.14477211796246647
0 0.45569620253164556 0.5107238605898123 0.0391254315304948 0.10455764075067026
0 0.43699654775604146 0.4658176943699732 0.04775604142692752 0.0710455764075067
0 0.4315304948216341 0.40415549597855227 0.03567318757192178 0.10321715817694371
0 0.42289988492520136 0.29959785522788207 0.04027617951668583 0.15951742627345847
0 0.45195627157652474 0.296916890080429 0.005178365937859586 0.028150134048257336
0 0.4470655926352129 0.21849865951742628 0.020713463751438455 0.10723860589812334
0 0.46231300345224396 0.12265415549597855 0.03279631760644419 0.14611260053619302
0 0.28883774453394706 0.48592493297587136 0.05638665132336018 0.19705093833780168
0 0.2566168009205984 0.44638069705093836 0.037974683544303806 0.1554959785522788
