0 0.9684039087947883 0.26386913229018494 0.034527687296416865 0.20341394025604553
0 0.6221498371335505 0.3790896159317212 0.04169381107491854 0.18634423897581792
0 0.6925081433224756 0.5 0.03127035830618896 0.2147937411095306
0 0.57557003257329 0.27524893314367 0.03713355048859934 0.1721194879089616
0 0.4452768729641694 0.18349928876244667 0.030618892508143314 0.18492176386913234
0 0.3664495114006515 0.09815078236130868 0.026710097719869708 0.07965860597439547
0 0.3833876221498371 0.19772403982930298 0.035830618892508104 0.13371266002844948
0 0.4039087947882737 0.3157894736842105 0.04951140065146581 0.09388335704125178
0 0.4257328990228013 0.41038406827880514 0.06970684039087949 0.13229018492176392
0 0.4390879478827362 0.5398293029871978 0.07557003257328992 0.13229018492176392
0 0.5130293159609121 0.7467994310099573 0.04755700325732892 0.21337126600284495
0 0.3566775244299675 0.7425320056899005 0.0644951140065147 0.23328591749644378
0 0.3127035830618893 0.480796586059744 0.053420195439739415 0.16785206258890473
0 0.027687296416938113 0.3918918918918919 0.03061889250814332 0.20341394025604553
0 0.1977198697068404 0.18349928876244667 0.04625407166123777 0.17354196301564723
0 0.22442996742671012 0.2873399715504979 0.04625407166123777 0.1507823613086771
0 0.2579804560260586 0.19630156472261734 0.04429967426710099 0.18776671408250353
0 0.2944625407166124 0.27809388335704127 0.044299674267100964 0.10668563300142245
0 0.2944625407166124 0.34708392603129445 0.044299674267100964 0.11095305832147939
0 0.32280130293159615 0.3349928876244666 0.03192182410423455 0.06970128022759603
0 0.3403908794788274 0.3862019914651494 0.05146579804560264 0.11522048364153625
0 0.30521172638436483 0.41109530583214793 0.038436482084690526 0.051209103840682835
