0 0.671875 0.892578125 0.06005859375 0.173828125
0 0.22998046875 0.9072265625 0.0439453125 0.18359375
0 0.50439453125 0.423828125 0.07080078125 0.1640625
0 0.17333984375 0.66796875 0.041015625 0.1875
0 0.61083984375 0.271484375 0.0576171875 0.15234375
0 0.23779296875 0.1640625 0.03076171875 0.1240234375
0 0.49365234375 0.2197265625 0.0390625 0.0625
0 0.25830078125 0.431640625 0.033203125 0.15234375
0 0.41845703125 0.462890625 0.0439453125 0.15625
0 0.5830078125 0.6123046875 0.0615234375 0.169921875
0 0.52734375 0.3525390625 0.048828125 0.140625
0 0.4169921875 0.3056640625 0.0546875 0.1123046875
0 0.4474489795918367 0.03393665158371041 0.030272108843537426 0.06787330316742082
0 0.44625850340136053 0.12745098039215685 0.04217687074829929 0.12066365007541478
0 0.3965986394557823 0.19834087481146306 0.05034013605442178 0.09803921568627452
0 0.40238095238095234 0.2647058823529412 0.05306122448979589 0.08295625942684767
0 0.49659863945578225 0.26018099547511314 0.04489795918367345 0.05731523378582204
0 0.47636054421768703 0.3065610859728507 0.03639455782312928 0.09276018099547512
