0 0.64208984375 0.8349609375 0.06103515625 0.251953125
0 0.421875 0.8515625 0.068359375 0.2109375
0 0.267578125 0.63671875 0.06103515625 0.19140625
0 0.560546875 0.4638671875 0.06103515625 0.16015625
0 0.11865234375 0.623046875 0.05419921875 0.21875
0 0.484375 0.6630859375 0.06201171875 0.154296875
0 0.53759765625 0.8837890625 0.06689453125 0.20703125
0 0.40087890625 0.44921875 0.04296875 0.19140625
0 0.48828125 0.375 0.06201171875 0.189453125
0 0.60986328125 0.39453125 0.044921875 0.1865234375
0 0.5537109375 0.6201171875 0.07666015625 0.162109375
0 0.45166015625 0.5107421875 0.0546875 0.0712890625
0 0.43896484375 0.5927734375 0.0673828125 0.099609375
0 0.5478515625 0.7373046875 0.08154296875 0.15625
0 0.42564280750521194 0.7125796178343949 0.05628908964558721 0.0573248407643312
0 0.4339819318971508 0.6600318471337581 0.050034746351633075 0.060509554140127375
0 0.7270674079221682 0.43789808917197454 0.03578874218207084 0.1226114649681529
0 0.7288047255038221 0.5370222929936306 0.04551772063933279 0.1616242038216561
0 0.7293259207783183 0.6974522292993631 0.04725503822098687 0.21815286624203822
