0 0.8781416603198782 0.2998643147896879 0.028941355674029 0.1655359565807327
0 0.8606245239908606 0.24423337856173674 0.021325209444021276 0.06512890094979645
0 0.7307692307692308 0.09023066485753052 0.04341203351104339 0.12618724559023067
0 0.8351104341203351 0.3867028493894165 0.041888804265041824 0.11940298507462688
0 0.7460015232292461 0.7347354138398914 0.051028179741051116 0.175033921302578
0 0.7022086824067022 0.4253731343283582 0.04874333587204871 0.11261872455902305
0 0.7341964965727342 0.257123473541384 0.05483625285605487 0.11261872455902305
0 0.7162985529322163 0.28426051560379917 0.04798172124904798 0.06648575305291726
0 0.6801218583396802 0.3276797829036635 0.03351104341203348 0.09090909090909088
0 0.7178217821782178 0.3744911804613297 0.046458492003046525 0.14654002713704206
0 0.6146230007616147 0.4267299864314789 0.050266565118050166 0.10176390773405697
0 0.6214775323686215 0.344640434192673 0.05178979436405173 0.08412483039348712
0 0.6237623762376238 0.29036635006784256 0.045696877380045686 0.05156037991858886
0 0.643945163747144 0.20624151967435547 0.03427265803503432 0.1438263229308005
0 0.634044173648134 0.09294436906377204 0.031226199543031186 0.11533242876526456
0 0.5342726580350343 0.30393487109905015 0.035795887281035776 0.14382632293080053
0 0.4607768469154608 0.26390773405698775 0.03808073115003807 0.12618724559023065
0 0.3088347296268088 0.2225237449118046 0.03122619954303124 0.15196743554952508
0 0.39146991622239147 0.4029850746268656 0.030464584920030457 0.15468113975576664
0 0.5891089108910891 0.7360922659430122 0.055597867479055596 0.19674355495251017
0 0.03884234577303884 0.4219810040705563 0.03198781416603199 0.1736770691994573
