0 0.4736328125 0.7265625 0.0556640625 0.1806640625
0 0.43994140625 0.6123046875 0.064453125 0.1298828125
0 0.2841796875 0.44140625 0.0322265625 0.1826171875
0 0.42041015625 0.3935546875 0.05078125 0.1513671875
0 0.38427734375 0.2802734375 0.03564453125 0.154296875
0 0.5576171875 0.3154296875 0.0380859375 0.1611328125
0 0.56982421875 0.8095703125 0.064453125 0.2138671875
0 0.7412109375 0.6064453125 0.0400390625 0.177734375
0 0.509765625 0.58984375 0.06005859375 0.1259765625
0 0.0966796875 0.900390625 0.0322265625 0.1923828125
0 0.69287109375 0.5234375 0.0400390625 0.1875
0 0.45458984375 0.2685546875 0.03662109375 0.1640625
0 0.29248046875 0.2890625 0.02880859375 0.1533203125
0 0.560204081632653 0.4600301659125189 0.04421768707482987 0.138763197586727
0 0.5231292517006803 0.4464555052790347 0.04285714285714293 0.0829562594268477
0 0.41870748299319727 0.5154600301659126 0.06598639455782312 0.11236802413273006
0 0.28282312925170067 0.6150075414781297 0.030952380952380953 0.21040723981900444
0 0.5238095238095237 0.502262443438914 0.04625850340136062 0.07993966817496234
0 0.5520408163265306 0.5693815987933635 0.044897959183673564 0.05429864253393657
0 0.5649659863945578 0.654977375565611 0.05102040816326536 0.15158371040723984
