0 0.7258342922899885 0.489946380697051 0.04085155350978131 0.18096514745308317
0 0.689873417721519 0.39812332439678283 0.04372842347525885 0.16353887399463807
0 0.6493095512082854 0.3324396782841823 0.03970080552359034 0.1769436997319035
0 0.5957997698504027 0.25335120643431636 0.03624856156501732 0.08042895442359252
0 0.6041426927502878 0.3438337801608579 0.05293440736478716 0.11662198391420908
0 0.5863060989643267 0.39075067024128685 0.04833141542002306 0.049597855227882015
0 0.6055811277330265 0.4684986595174263 0.06386651323360193 0.11930294906166222
0 0.6032796317606444 0.5690348525469169 0.050057537399309626 0.13538873994638068
0 0.6378020713463751 0.688337801608579 0.04085155350978131 0.2158176943699731
0 0.6867088607594937 0.7848525469168901 0.04085155350978131 0.21581769436997322
0 0.40362485615650173 0.3512064343163539 0.03970080552359034 0.1742627345844504
0 0.503452243958573 0.3378016085790885 0.046029919447640955 0.06434316353887404
0 0.48878020713463755 0.39343163538873993 0.013233601841196763 0.03619302949061659
0 0.5 0.3063002680965148 0.04602991944764101 0.054959785522788185
0 0.5138089758342923 0.3793565683646113 0.04718066743383198 0.06702412868632707
0 0.5368239355581128 0.43029490616621985 0.04027617951668583 0.09651474530831095
0 0.4991369390103567 0.4973190348525469 0.050057537399309515 0.18230563002680972
0 0.49223245109321057 0.710455764075067 0.05350978135788259 0.21447721179624668
0 0.4125431530494822 0.7640750670241288 0.05408515535097819 0.2117962466487936
0 0.343210586881473 0.39410187667560326 0.03164556962025317 0.19571045576407503
0 0.3181818181818182 0.4638069705093834 0.04257767548906788 0.18766756032171583
