0 0.9693877551020408 0.6171428571428572 0.0435374149659864 0.1885714285714285
0 0.9889455782312924 0.3175 0.021428571428571463 0.1692857142857143
0 0.7181972789115645 0.5492857142857143 0.037755102040816335 0.16999999999999993
0 0.6969387755102041 0.42107142857142854 0.036054421768707434 0.11071428571428571
0 0.5355442176870748 0.13214285714285715 0.03639455782312928 0.12285714285714285
0 0.523639455782313 0.265 0.03299319727891159 0.11285714285714288
0 0.523639455782313 0.3767857142857143 0.0513605442176871 0.09071428571428575
0 0.5508503401360544 0.4782142857142857 0.05544217687074826 0.09785714285714286
0 0.5561224489795917 0.5639285714285714 0.06394557823129243 0.1121428571428571
0 0.5545918367346938 0.6635714285714285 0.05408163265306121 0.1271428571428571
0 0.5904761904761904 0.8478571428571429 0.04489795918367345 0.18999999999999995
0 0.4125850340136054 0.8292857142857143 0.03129251700680269 0.1499999999999999
0 0.47857142857142854 0.4903571428571429 0.04013605442176871 0.0892857142857143
0 0.45493197278911557 0.4546428571428571 0.03843537414965986 0.057857142857142885
0 0.44336734693877544 0.39785714285714285 0.0404761904761905 0.08571428571428574
0 0.45408163265306123 0.5114285714285715 0.044217687074829926 0.050000000000000044
0 0.45153061224489793 0.5542857142857143 0.04455782312925172 0.06571428571428573
0 0.4581632653061224 0.6264285714285714 0.046938775510204034 0.11714285714285722
0 0.2923469387755102 0.5321428571428571 0.01598639455782308 0.04857142857142849
0 0.2790816326530612 0.47535714285714287 0.045238095238095244 0.1735714285714286
0 0.28809523809523807 0.3896428571428572 0.027891156462585 0.08214285714285713
0 0.4035714285714286 0.2475 0.04999999999999999 0.1407142857142857
0 0.4222789115646258 0.12000000000000001 0.04999999999999999 0.13714285714285715
