0 0.6015625 0.25 0.0517578125 0.1376953125
0 0.98046875 0.283203125 0.03369140625 0.1875
0 0.81201171875 0.6748046875 0.0263671875 0.2255859375
0 0.19970703125 0.34765625 0.0390625 0.1650390625
0 0.7109375 0.3994140625 0.0361328125 0.171875
0 0.712890625 0.5712890625 0.04150390625 0.1904296875
0 0.8310546875 0.18359375 0.03271484375 0.177734375
0 0.580078125 0.3779296875 0.05322265625 0.12109375
0 0.48828125 0.2724609375 0.041015625 0.072265625
0 0.52734375 0.5400390625 0.04541015625 0.1904296875
0 0.55078125 0.4599609375 0.0625 0.1162109375
0 0.52978515625 0.2001953125 0.05078125 0.1513671875
0 0.68603515625 0.455078125 0.03515625 0.1767578125
0 0.5018707482993197 0.38197586726998495 0.04183673469387761 0.09577677224736048
0 0.4722789115646258 0.4411764705882353 0.027551020408163263 0.10558069381598795
0 0.49387755102040815 0.4411764705882353 0.014285714285714346 0.03770739064856715
0 0.4942176870748299 0.32805429864253394 0.03537414965986396 0.06485671191553544
0 0.48792517006802716 0.39366515837104077 0.008503401360544227 0.01659125188536953
0 0.46462585034013604 0.34615384615384615 0.03537414965986396 0.09351432880844646
0 0.4302721088435374 0.46644042232277527 0.054421768707483 0.15460030165912525
0 0.4418367346938775 0.5116892911010559 0.061224489795918324 0.1953242835595777
0 0.39438775510204077 0.5060331825037707 0.04931972789115646 0.15233785822021118
0 0.34795918367346934 0.5411010558069382 0.04013605442176871 0.19079939668174967
