0 0.431640625 0.677734375 0.04931640625 0.2001953125
0 0.95556640625 0.8955078125 0.04345703125 0.173828125
0 0.82861328125 0.642578125 0.03759765625 0.150390625
0 0.611328125 0.5068359375 0.04296875 0.16796875
0 0.53564453125 0.30859375 0.0224609375 0.15234375
0 0.68408203125 0.09765625 0.01904296875 0.134765625
0 0.43359375 0.87109375 0.060546875 0.18359375
0 0.521484375 0.556640625 0.05322265625 0.150390625
0 0.37548828125 0.3291015625 0.03662109375 0.111328125
0 0.93896484375 0.5029296875 0.02392578125 0.1767578125
0 0.2421875 0.333984375 0.03076171875 0.1435546875
0 0.4638671875 0.2578125 0.033203125 0.0888671875
0 0.267578125 0.3837890625 0.03662109375 0.1611328125
0 0.47998046875 0.361328125 0.05126953125 0.0966796875
0 0.42724609375 0.4140625 0.048828125 0.0947265625
0 0.38623046875 0.5166015625 0.04296875 0.1396484375
0 0.3709183673469387 0.13122171945701358 0.04387755102040819 0.1282051282051282
0 0.5034013605442176 0.4547511312217195 0.061224489795918324 0.08295625942684764
0 0.411734693877551 0.46530920060331826 0.039795918367346916 0.1131221719457014
0 0.4144557823129251 0.4004524886877828 0.04319727891156461 0.06184012066365008
0 0.3916666666666666 0.3657616892911011 0.03775510204081628 0.10407239819004527
