0 0.8008771929824562 0.41201716738197425 0.04152046783625729 0.18311874105865522
0 0.6067251461988304 0.5894134477825466 0.04502923976608186 0.1716738197424893
0 0.566374269005848 0.5665236051502146 0.04502923976608186 0.14592274678111594
0 0.5675438596491228 0.48569384835479257 0.04269005847953222 0.05865522174535048
0 0.5552631578947369 0.4413447782546495 0.047368421052631615 0.06723891273247495
0 0.5345029239766081 0.3998569384835479 0.04561403508771933 0.05007153075822601
0 0.5745614035087719 0.38912732474964234 0.04152046783625729 0.09442060085836912
0 0.5467836257309941 0.3605150214592274 0.028070175438596467 0.0658082975679542
0 0.5640350877192982 0.3061516452074392 0.04152046783625729 0.10300429184549353
0 0.583625730994152 0.1938483547925608 0.05263157894736836 0.1759656652360515
0 0.5502923976608187 0.10157367668097281 0.029239766081871288 0.1688125894134478
0 0.4728070175438597 0.265379113018598 0.03567251461988302 0.11301859799713879
0 0.4631578947368421 0.37839771101573677 0.053801169590643294 0.1273247496423462
0 0.47192982456140353 0.4527896995708155 0.0514619883040936 0.12160228898426323
0 0.32953216374269007 0.5872675250357654 0.03918128654970765 0.1759656652360515
0 0.33070175438596494 0.45922746781115875 0.040350877192982415 0.12589413447782544
0 0.3084795321637427 0.4005722460658083 0.04035087719298247 0.17453505007153075
0 0.32573099415204676 0.1802575107296137 0.032748538011695916 0.20028612303290413
0 0.402046783625731 0.10586552217453504 0.03099415204678363 0.15164520743919885
0 0.4608187134502924 0.5915593705293276 0.06198830409356726 0.22174535050071525
