0 0.7302436125965538 0.7158176943699732 0.035650623885918 0.19839142091152817
0 0.7376708259061201 0.13404825737265416 0.03505644682115272 0.12600536193029488
0 0.5626856803327391 0.23324396782841822 0.033273915626856776 0.1554959785522788
0 0.5148544266191325 0.31769436997319034 0.040998217468805664 0.06970509383378015
0 0.5341651812240048 0.3947721179624665 0.051099227569815886 0.11662198391420914
0 0.5879382055852644 0.4262734584450402 0.045751633986928164 0.1420911528150134
0 0.5445632798573976 0.5227882037533512 0.060011883541295385 0.12332439678284185
0 0.41948900772430187 0.6601876675603218 0.06417112299465244 0.2024128686327078
0 0.4337492572786691 0.5060321715817695 0.052287581699346386 0.17024128686327084
0 0.2875816993464052 0.4195710455764075 0.04515745692216283 0.19034852546916892
0 0.27837195484254307 0.38069705093833783 0.03980986333927511 0.15281501340482578
0 0.441473559120618 0.14611260053619304 0.04040404040404044 0.15281501340482573
0 0.39275103980986337 0.2386058981233244 0.035650623885918 0.1581769436997319
0 0.4129530600118836 0.27479892761394104 0.046345811051693386 0.14745308310991959
0 0.43315508021390375 0.36126005361930297 0.04396910279263222 0.13806970509383376
0 0.4489007724301842 0.39343163538873993 0.04575163398692811 0.06836461126005361
0 0.4842543077837196 0.4550938337801609 0.04040404040404044 0.12734584450402148
