0 0.80078125 0.8251953125 0.06201171875 0.1806640625
0 0.85400390625 0.595703125 0.0400390625 0.20703125
0 0.51318359375 0.4111328125 0.04248046875 0.16015625
0 0.3447265625 0.7587890625 0.0634765625 0.1982421875
0 0.419921875 0.509765625 0.05419921875 0.1171875
0 0.51708984375 0.736328125 0.0478515625 0.173828125
0 0.72998046875 0.2783203125 0.03076171875 0.1875
0 0.5537109375 0.6240234375 0.046875 0.173828125
0 0.59326171875 0.16796875 0.0283203125 0.158203125
0 0.13671875 0.4794921875 0.02197265625 0.203125
0 0.44775390625 0.681640625 0.06884765625 0.169921875
0 0.458984375 0.3466796875 0.03955078125 0.14453125
0 0.29736328125 0.728515625 0.06103515625 0.205078125
0 0.302734375 0.4267578125 0.044921875 0.0966796875
0 0.4020408163265306 0.3065610859728507 0.055102040816326525 0.141025641025641
0 0.29982993197278907 0.2714932126696833 0.04999999999999999 0.1764705882352941
0 0.24693877551020404 0.21304675716440424 0.05170068027210881 0.15761689291101058
0 0.26700680272108845 0.3582202111613877 0.04285714285714287 0.16591251885369535
0 0.2738095238095238 0.4513574660633485 0.01632653061224487 0.04147812971342385
0 0.28435374149659864 0.386500754147813 0.05238095238095236 0.08823529411764708
0 0.3462585034013605 0.5049019607843137 0.051700680272108834 0.10180995475113125
0 0.31224489795918364 0.504524886877828 0.04013605442176871 0.06184012066365002
0 0.30272108843537415 0.5931372549019609 0.05782312925170069 0.15158371040723984
