0 0.55810546875 0.7568359375 0.06591796875 0.2001953125
0 0.49609375 0.8046875 0.06884765625 0.224609375
0 0.33349609375 0.759765625 0.05078125 0.2080078125
0 0.7490234375 0.6015625 0.03857421875 0.205078125
0 0.544921875 0.4736328125 0.0498046875 0.1123046875
0 0.0634765625 0.82421875 0.0400390625 0.2392578125
0 0.2890625 0.5966796875 0.044921875 0.2158203125
0 0.47314453125 0.1650390625 0.03857421875 0.1123046875
0 0.56201171875 0.1884765625 0.0478515625 0.173828125
0 0.56787109375 0.427734375 0.0478515625 0.1494140625
0 0.7080078125 0.501953125 0.037109375 0.205078125
0 0.408203125 0.6748046875 0.08056640625 0.1953125
0 0.46484375 0.2978515625 0.0380859375 0.1318359375
0 0.4140625 0.5751953125 0.07421875 0.1240234375
0 0.50390625 0.5380859375 0.05322265625 0.1337890625
0 0.31785714285714284 0.36877828054298645 0.034353741496598644 0.1990950226244344
0 0.4341836734693877 0.4600301659125189 0.07040816326530613 0.11161387631975872
0 0.6343537414965986 0.4502262443438914 0.04081632653061229 0.15535444947209653
0 0.541156462585034 0.6165158371040724 0.05986394557823138 0.18627450980392157
