0 0.9712313003452244 0.26943699731903487 0.03912543153049486 0.20107238605898126
0 0.6389528193325662 0.546916890080429 0.03739930955120829 0.2171581769436997
0 0.5543728423475258 0.5134048257372654 0.042002301495972394 0.1662198391420912
0 0.5707710011507481 0.38069705093833783 0.03567318757192173 0.18766756032171578
0 0.5607019562715765 0.22922252010723862 0.03049482163406214 0.1313672922252011
0 0.40736478711162255 0.21715817694369977 0.03452243958573076 0.15013404825737267
0 0.40103567318757194 0.3284182305630027 0.04487917146144993 0.07506702412868632
0 0.4018987341772152 0.40080428954423597 0.05350978135788259 0.08847184986595175
0 0.4116800920598389 0.5020107238605899 0.06846950517836592 0.13270777479892765
0 0.41052934407364783 0.6273458445040214 0.04775604142692752 0.13672922252010722
0 0.44649021864211735 0.7017426273458445 0.02646720368239358 0.23994638069705088
0 0.3184695051783659 0.7030831099195711 0.06041426927502874 0.2158176943699731
0 0.13118527042577677 0.5113941018766756 0.04372842347525892 0.18096514745308306
0 0.14556962025316456 0.4959785522788204 0.010356731875719227 0.06434316353887398
0 0.14902186421173763 0.37131367292225204 0.01956271576524743 0.12600536193029493
0 0.321921749136939 0.210455764075067 0.03509781357882624 0.17962466487935655
0 0.2756041426927503 0.34785522788203754 0.0069044879171461515 0.02815013404825739
0 0.2813578826237054 0.2667560321715818 0.041426927502876854 0.08310991957104555
0 0.29027617951668583 0.3036193029490617 0.03970080552359034 0.11662198391420914
0 0.29804372842347526 0.4061662198391421 0.009205983889528202 0.02144772117962468
0 0.3135788262370541 0.353887399463807 0.04487917146144993 0.07506702412868632
0 0.32249712313003454 0.4014745308310992 0.042002301495972394 0.06836461126005361
