0 0.31494140625 0.5029296875 0.05615234375 0.1240234375
0 0.54345703125 0.455078125 0.0478515625 0.17578125
0 0.291015625 0.1494140625 0.0478515625 0.1494140625
0 0.2197265625 0.4091796875 0.03759765625 0.1904296875
0 0.12890625 0.42578125 0.04541015625 0.154296875
0 0.3076171875 0.328125 0.0517578125 0.083984375
0 0.3994140625 0.357421875 0.04296875 0.07421875
0 0.5673828125 0.3271484375 0.03125 0.1806640625
0 0.34619140625 0.3779296875 0.046875 0.11328125
0 0.7853741496598639 0.6587481146304677 0.048299319727891143 0.2134238310708899
0 0.9202380952380952 0.4374057315233786 0.03027210884353737 0.19155354449472095
0 0.7311224489795918 0.2017345399698341 0.024829931972789154 0.1621417797888386
0 0.6503401360544216 0.1165158371040724 0.032653061224489854 0.1470588235294118
0 0.39693877551020407 0.21153846153846156 0.047619047619047616 0.12141779788838614
0 0.3976190476190476 0.30015082956259426 0.045578231292517035 0.09351432880844646
0 0.16224489795918368 0.3499245852187029 0.03265306122448977 0.18401206636500755
0 0.3090136054421768 0.2680995475113122 0.045238095238095244 0.06410256410256407
0 0.3147959183673469 0.24585218702865763 0.04319727891156461 0.03318250377073906
0 0.41054421768707483 0.4294871794871795 0.04013605442176865 0.07918552036199095
0 0.4147959183673469 0.5071644042232277 0.047278911564625825 0.20135746606334848
