0 0.45751953125 0.5146484375 0.0556640625 0.1728515625
0 0.83935546875 0.6669921875 0.0341796875 0.2099609375
0 0.72119140625 0.3935546875 0.025390625 0.1826171875
0 0.453125 0.1728515625 0.03125 0.1005859375
0 0.4169921875 0.2587890625 0.03857421875 0.1015625
0 0.529251700680272 0.193815987933635 0.027891156462585 0.15082956259426844
0 0.6227891156462584 0.21380090497737558 0.03537414965986396 0.1772247360482655
0 0.6642857142857143 0.12669683257918551 0.020408163265306145 0.16742081447963802
0 0.6833333333333333 0.2801659125188537 0.026530612244897944 0.1907993966817496
0 0.8178571428571428 0.4822775263951735 0.02687074829931968 0.20739064856711914
0 0.5452380952380952 0.5064102564102564 0.07346938775510203 0.12443438914027144
0 0.5634353741496598 0.37368024132730016 0.028911564625850428 0.19984917043740574
0 0.5363945578231293 0.33220211161387636 0.03469387755102049 0.15158371040723978
0 0.4336734693877551 0.31598793363499245 0.040816326530612235 0.12217194570135742
0 0.41020408163265304 0.1636500754147813 0.04625850340136051 0.15535444947209653
0 0.27125850340136054 0.3842383107088989 0.0139455782312925 0.07466063348416291
0 0.2639455782312925 0.2824283559577677 0.024489795918367308 0.08371040723981901
0 0.25289115646258503 0.39781297134238314 0.03707482993197278 0.18174962292609353
0 0.4227891156462585 0.42420814479638014 0.05714285714285716 0.1349924585218703
0 0.3952380952380952 0.6202865761689291 0.05986394557823127 0.17873303167420818
0 0.44387755102040816 0.3503016591251885 0.03945578231292518 0.053544494720965286
0 0.4579931972789115 0.303921568627451 0.03231292517006801 0.055806938159879305
