0 0.734375 0.79296875 0.04541015625 0.212890625
0 0.62255859375 0.75 0.076171875 0.1748046875
0 0.5126953125 0.771484375 0.07568359375 0.228515625
0 0.56396484375 0.521484375 0.078125 0.12890625
0 0.74267578125 0.5947265625 0.0537109375 0.201171875
0 0.98046875 0.265625 0.037109375 0.2060546875
0 0.68408203125 0.3046875 0.041015625 0.17578125
0 0.6181640625 0.2216796875 0.04052734375 0.158203125
0 0.39306640625 0.23046875 0.0498046875 0.1728515625
0 0.4287109375 0.3212890625 0.05615234375 0.171875
0 0.5751953125 0.6748046875 0.060546875 0.138671875
0 0.36865234375 0.099609375 0.05078125 0.171875
0 0.5322265625 0.353515625 0.03955078125 0.087890625
0 0.73095703125 0.0869140625 0.02978515625 0.16015625
0 0.42159863945578224 0.46417797888386125 0.048639455782312935 0.11840120663650078
0 0.2688775510204081 0.5135746606334842 0.021428571428571408 0.13423831070889897
0 0.27040816326530615 0.6361236802413273 0.04625850340136056 0.20135746606334848
0 0.4482993197278911 0.5169683257918553 0.048299319727891143 0.11990950226244346
0 0.5030612244897958 0.5867269984917044 0.05102040816326536 0.15233785822021106
0 0.46275510204081627 0.5784313725490197 0.04455782312925166 0.0678733031674208
0 0.4542517006802721 0.6711915535444948 0.06428571428571428 0.1885369532428356
