0 0.705078125 0.51953125 0.05615234375 0.236328125
0 0.390625 0.58203125 0.072265625 0.228515625
0 0.62939453125 0.1591796875 0.04345703125 0.1923828125
0 0.69580078125 0.3447265625 0.04833984375 0.1865234375
0 0.50634765625 0.5625 0.07470703125 0.216796875
0 0.55224609375 0.7333984375 0.048828125 0.2431640625
0 0.3359375 0.46875 0.0712890625 0.2099609375
0 0.32373046875 0.708984375 0.07763671875 0.25
0 0.3017578125 0.1142578125 0.0634765625 0.203125
0 0.45556640625 0.2685546875 0.0654296875 0.162109375
0 0.16259765625 0.337890625 0.0322265625 0.2080078125
0 0.3935546875 0.3974609375 0.06103515625 0.146484375
0 0.4892578125 0.4208984375 0.10302734375 0.1396484375
0 0.3271484375 0.2841796875 0.05029296875 0.1611328125
0 0.37451171875 0.13671875 0.03857421875 0.130859375
0 0.7202380952380951 0.06372549019607844 0.02687074829931968 0.12745098039215688
0 0.4965986394557823 0.26621417797888386 0.06530612244897954 0.19155354449472095
0 0.14625850340136054 0.43929110105580693 0.049659863945578225 0.22398190045248872
0 0.3442176870748299 0.32767722473604827 0.05374149659863947 0.15912518853695323
0 0.3506802721088435 0.3755656108597285 0.05646258503401358 0.07541478129713425
