0 0.912109375 0.8984375 0.05078125 0.1826171875
0 0.31005859375 0.806640625 0.07177734375 0.2236328125
0 0.39111328125 0.638671875 0.06591796875 0.21484375
0 0.49169921875 0.60546875 0.078125 0.1435546875
0 0.509765625 0.412109375 0.06689453125 0.126953125
0 0.5341796875 0.267578125 0.05908203125 0.1572265625
0 0.2314453125 0.3701171875 0.04296875 0.2431640625
0 0.693359375 0.3759765625 0.05078125 0.1767578125
0 0.849609375 0.150390625 0.03955078125 0.1708984375
0 0.5048828125 0.5068359375 0.06982421875 0.1240234375
0 0.70068359375 0.7138671875 0.044921875 0.205078125
0 0.439453125 0.4404296875 0.0595703125 0.1455078125
0 0.43994140625 0.181640625 0.0615234375 0.1865234375
0 0.39111328125 0.3076171875 0.0439453125 0.0986328125
0 0.69873046875 0.587890625 0.04296875 0.1611328125
0 0.4013605442176871 0.524132730015083 0.008163265306122491 0.02413273001508287
0 0.3957482993197279 0.4226998491704374 0.045238095238095244 0.05806938159879338
0 0.4032312925170068 0.35784313725490197 0.050680272108843516 0.09125188536953244
0 0.37312925170068023 0.5082956259426847 0.05986394557823127 0.1432880844645551
0 0.32636054421768707 0.604449472096531 0.06632653061224492 0.21040723981900455
