0 0.6947640966628308 0.5308310991957105 0.03739930955120829 0.21447721179624663
0 0.7407940161104718 0.346514745308311 0.042002301495972394 0.17024128686327078
0 0.7327387802071347 0.25804289544235925 0.03509781357882624 0.06300268096514747
0 0.6222669735327964 0.14812332439678283 0.03279631760644419 0.10053619302949061
0 0.6084579976985041 0.2520107238605898 0.043153049482163364 0.13672922252010722
0 0.5986766398158803 0.32372654155495983 0.06156501726121977 0.11662198391420914
0 0.5799769850402762 0.40415549597855227 0.06098964326812428 0.12466487935656839
0 0.5676064441887226 0.504691689008043 0.06271576524741085 0.13538873994638073
0 0.5926352128883774 0.7144772117962466 0.03797468354430389 0.21447721179624668
0 0.40736478711162255 0.2660857908847185 0.03682393555811281 0.17560321715817695
0 0.33716915995397007 0.3042895442359249 0.05408515535097813 0.19839142091152814
0 0.3037974683544304 0.3766756032171582 0.04027617951668583 0.18230563002680966
0 0.5069044879171462 0.22788203753351205 0.044879171461449985 0.050938337801608585
0 0.5087890625 0.2568359375 0.046875 0.060546875
0 0.5132336018411968 0.2935656836461126 0.047180667433832035 0.05898123324396781
0 0.5307825086306099 0.34517426273458446 0.02704257767548912 0.10321715817694366
0 0.5037399309551208 0.396112600536193 0.02589182968929804 0.13002680965147456
0 0.46691599539700807 0.43029490616621985 0.048906789413118545 0.16890080428954424
0 0.4355581127733027 0.6367292225201073 0.052934407364787106 0.21447721179624668
0 0.3504027617951669 0.688337801608579 0.05868814729574223 0.21045576407506694
