0 0.7700175336060783 0.8780645161290322 0.02980713033313842 0.2412903225806451
0 0.8921683226183518 0.17161290322580644 0.02863822326125076 0.1935483870967742
0 0.6776738749269433 0.5451612903225806 0.02746931618936299 0.20516129032258063
0 0.6569257744009351 0.35225806451612907 0.038573933372296865 0.15225806451612905
0 0.635593220338983 0.24838709677419354 0.037989479836352924 0.13032258064516128
0 0.5879602571595557 0.08580645161290322 0.038573933372296865 0.17161290322580644
0 0.43746347165400346 0.1929032258064516 0.04266510812390417 0.13290322580645159
0 0.4494447691408533 0.3503225806451613 0.008182349503214503 0.03225806451612906
0 0.46522501461133836 0.2819354838709678 0.04675628287551137 0.05806451612903224
0 0.48158971361776737 0.3625806451612903 0.06078316773816478 0.12387096774193546
0 0.4979544126241963 0.4935483870967742 0.06312098188194037 0.14064516129032256
0 0.1978375219170076 0.2625806451612903 0.028638223261250734 0.16645161290322583
0 0.2086499123319696 0.3251612903225807 0.0526008182349503 0.19096774193548388
0 0.3676212741087084 0.6258064516129033 0.06545879602571597 0.19870967741935486
0 0.4514903565166569 0.8812903225806452 0.06253652834599649 0.22709677419354846
0 0.3880771478667446 0.4270967741935484 0.04675628287551137 0.16258064516129034
0 0.3194038573933372 0.14451612903225808 0.039158386908240805 0.16516129032258065
0 0.3591466978375219 0.2651612903225806 0.04617182933956754 0.08387096774193545
0 0.33985973115137347 0.32129032258064516 0.0122735242548217 0.02580645161290318
0 0.35768556399766216 0.22451612903225807 0.0455873758036236 0.05935483870967745
0 0.37841796875 0.3203125 0.0517578125 0.10546875
0 0.4105786090005844 0.34516129032258064 0.04617182933956748 0.09935483870967743
