0 0.6103515625 0.51171875 0.04296875 0.1474609375
0 0.48486328125 0.40234375 0.052734375 0.1640625
0 0.28759765625 0.8046875 0.0400390625 0.171875
0 0.35205078125 0.5625 0.03271484375 0.150390625
0 0.67529296875 0.822265625 0.05322265625 0.1806640625
0 0.32861328125 0.34375 0.02734375 0.1376953125
0 0.4521484375 0.3330078125 0.0341796875 0.107421875
0 0.291015625 0.2275390625 0.029296875 0.1572265625
0 0.6787109375 0.31640625 0.0263671875 0.1396484375
0 0.42919921875 0.2548828125 0.0498046875 0.0947265625
0 0.02880859375 0.1806640625 0.029296875 0.138671875
0 0.646484375 0.255859375 0.03173828125 0.142578125
0 0.51025390625 0.2431640625 0.0361328125 0.0537109375
0 0.5087890625 0.2158203125 0.03515625 0.0771484375
0 0.49914965986394555 0.13046757164404224 0.04183673469387755 0.12971342383107087
0 0.4498299319727891 0.0784313725490196 0.03707482993197275 0.11312217194570134
0 0.41921768707482987 0.18815987933634992 0.04455782312925166 0.11085972850678735
0 0.16683673469387755 0.07164404223227752 0.028911564625850344 0.12669683257918551
0 0.5486394557823129 0.3465309200603318 0.04149659863945576 0.12292609351432882
0 0.5032312925170068 0.30316742081447967 0.03843537414965981 0.0904977375565611
