0 0.43896484375 0.4375 0.06982421875 0.1240234375
0 0.7861328125 0.681640625 0.064453125 0.197265625
0 0.560546875 0.203125 0.02294921875 0.1767578125
0 0.66015625 0.4697265625 0.05615234375 0.181640625
0 0.3564453125 0.5869140625 0.06201171875 0.1796875
0 0.76513671875 0.5712890625 0.0390625 0.18359375
0 0.451171875 0.1728515625 0.0390625 0.1552734375
0 0.25439453125 0.2470703125 0.05029296875 0.173828125
0 0.541015625 0.083984375 0.02783203125 0.1513671875
0 0.4052734375 0.322265625 0.0556640625 0.1435546875
0 0.17236328125 0.6025390625 0.0439453125 0.2060546875
0 0.3056640625 0.416015625 0.0498046875 0.1494140625
0 0.42236328125 0.6787109375 0.0595703125 0.2001953125
0 0.2891156462585034 0.192684766214178 0.030612244897959218 0.1591251885369533
0 0.2403061224489796 0.14856711915535445 0.050680272108843544 0.16289592760181
0 0.17006802721088435 0.4837858220211162 0.04013605442176871 0.20135746606334842
0 0.3595238095238095 0.4924585218702866 0.03673469387755102 0.085972850678733
0 0.4044217687074829 0.5388386123680242 0.007482993197278909 0.015837104072398245
0 0.386734693877551 0.47850678733031676 0.030612244897959218 0.09577677224736048
0 0.33520408163265303 0.4509803921568628 0.04795918367346941 0.13423831070889897
0 0.4741496598639455 0.5833333333333334 0.04965986394557825 0.1304675716440422
0 0.5195578231292517 0.6568627450980393 0.06768707482993197 0.15384615384615385
0 0.7761904761904761 0.2594268476621418 0.02857142857142858 0.18250377073906487
