0 0.6940214326001128 0.25488997555012227 0.025380710659898442 0.1014669926650367
0 0.6909193457416809 0.3343520782396088 0.05188945290468128 0.1528117359413203
0 0.5826283135927807 0.7738386308068459 0.031584884376762545 0.13202933985330068
0 0.5532994923857868 0.5537897310513448 0.05640157924421885 0.1466992665036675
0 0.5476593344613649 0.4138141809290954 0.04737732656514382 0.14058679706601468
0 0.5090242526790751 0.35880195599022 0.02876480541455162 0.09168704156479218
0 0.544839255499154 0.3105134474327628 0.0383530738860689 0.09046454767726164
0 0.5473773265651438 0.26100244498777503 0.036661026508742256 0.06723716381418093
0 0.5535815002820079 0.21332518337408313 0.010716300056401562 0.0330073349633252
0 0.5327129159616469 0.1625916870415648 0.029892836999436012 0.14180929095354522
0 0.580654258319233 0.12408312958435208 0.03778905809362665 0.1356968215158924
0 0.47208121827411176 0.2371638141809291 0.03722504230118445 0.06356968215158926
0 0.4534686971235195 0.30745721271393645 0.05640157924421885 0.1039119804400978
0 0.4407783417935702 0.42726161369193155 0.05583756345177665 0.10146699266503667
0 0.45544275239706716 0.5024449877750612 0.051325437112239136 0.08557457212713937
0 0.2295544275239707 0.5171149144254279 0.037225042301184424 0.14180929095354522
0 0.20783981951494646 0.3386308068459658 0.033276931754089106 0.14425427872860636
0 0.29695431472081224 0.1852078239608802 0.020868584320360928 0.14058679706601465
0 0.18950930626057533 0.0812958435207824 0.025944726452340666 0.13814180929095354
