0 0.59326171875 0.6884765625 0.06396484375 0.1826171875
0 0.421875 0.2373046875 0.03125 0.1494140625
0 0.66162109375 0.390625 0.04736328125 0.0859375
0 0.3837890625 0.337890625 0.03857421875 0.12109375
0 0.68896484375 0.1533203125 0.0478515625 0.150390625
0 0.490234375 0.71484375 0.072265625 0.244140625
0 0.5498046875 0.576171875 0.05615234375 0.1787109375
0 0.57763671875 0.3623046875 0.044921875 0.0849609375
0 0.73291015625 0.3212890625 0.05322265625 0.130859375
0 0.681640625 0.3310546875 0.04833984375 0.1171875
0 0.80908203125 0.5068359375 0.0361328125 0.1728515625
0 0.62353515625 0.435546875 0.0390625 0.1123046875
0 0.60107421875 0.2568359375 0.046875 0.138671875
0 0.0087890625 0.2392578125 0.017578125 0.1611328125
0 0.4044217687074829 0.09766214177978884 0.030612244897959162 0.14856711915535445
0 0.3802721088435374 0.471342383107089 0.04149659863945576 0.1689291101055807
0 0.5578231292517006 0.47398190045248867 0.05646258503401369 0.12443438914027144
0 0.6579931972789115 0.5162141779788838 0.04863945578231299 0.169683257918552
0 0.8090136054421768 0.3985671191553545 0.030952380952380953 0.14404223227752638
0 0.735204081632653 0.24283559577677225 0.03979591836734697 0.08295625942684764
