0 0.54541015625 0.740234375 0.056640625 0.18359375
0 0.35205078125 0.1748046875 0.02880859375 0.146484375
0 0.56591796875 0.40234375 0.04443359375 0.0810546875
0 0.4736328125 0.5791015625 0.05615234375 0.1767578125
0 0.3056640625 0.4443359375 0.048828125 0.1650390625
0 0.4453125 0.21484375 0.02197265625 0.1357421875
0 0.56982421875 0.51171875 0.05810546875 0.166015625
0 0.56591796875 0.2763671875 0.03759765625 0.1357421875
0 0.5862244897959183 0.0969079939668175 0.02346938775510199 0.11840120663650075
0 0.592517006802721 0.19871794871794873 0.03673469387755102 0.12895927601809956
0 0.7023809523809523 0.4457013574660633 0.026530612244898055 0.17496229260935142
0 0.729251700680272 0.5211161387631976 0.029931972789115635 0.14781297134238308
0 0.5382653061224489 0.47888386123680243 0.03911564625850339 0.09200603318250378
0 0.48265306122448975 0.39517345399698345 0.04489795918367345 0.07692307692307693
0 0.47448979591836726 0.497737556561086 0.05918367346938774 0.10407239819004527
0 0.366156462585034 0.7187028657616893 0.03843537414965986 0.19155354449472095
0 0.3285714285714285 0.39253393665158376 0.02380952380952378 0.17119155354449472
0 0.026020408163265306 0.23152337858220212 0.022108843537414963 0.1508295625942685
0 0.4909863945578231 0.3163650075414781 0.03503401360544217 0.08521870286576166
