0 0.691919191919192 0.44235924932975873 0.0326797385620915 0.19839142091152817
0 0.6942959001782532 0.34517426273458446 0.04693998811645872 0.19436997319034854
0 0.584967320261438 0.2546916890080429 0.0445632798573975 0.1394101876675603
0 0.5751633986928105 0.10053619302949063 0.04634581105169344 0.16085790884718498
0 0.5267379679144385 0.16890080428954424 0.04693998811645872 0.17962466487935658
0 0.5573380867498514 0.33847184986595175 0.014260249554367221 0.020107238605898137
0 0.5392156862745099 0.2593833780160858 0.0445632798573975 0.09517426273458443
0 0.5288175876411171 0.33109919571045576 0.047534165181224 0.11796246648793562
0 0.52465834818776 0.4550938337801609 0.05822935234699933 0.18096514745308312
0 0.5074272133095663 0.37533512064343166 0.05347593582887705 0.07506702412868632
0 0.5077243018419489 0.7727882037533512 0.07664884135472372 0.20509383378016088
0 0.3594771241830066 0.782171581769437 0.05109922756981583 0.18900804289544237
0 0.40760546642899587 0.574396782841823 0.06298276886512177 0.13806970509383376
0 0.4087938205585265 0.40415549597855227 0.053475935828877 0.13806970509383376
0 0.42245989304812837 0.3156836461126006 0.06417112299465244 0.12734584450402148
0 0.44771241830065367 0.21514745308310992 0.04575163398692811 0.08176943699731903
0 0.44979203802733214 0.09316353887399464 0.038027332144979165 0.16219839142091153
0 0.30243612596553776 0.23726541554959785 0.011883541295306 0.040214477211796246
0 0.3163992869875223 0.23793565683646112 0.01010101010101011 0.05227882037533513
0 0.309863339275104 0.1420911528150134 0.0267379679144385 0.13136729222520108
0 0.23559120617944151 0.3036193029490617 0.038621509209744526 0.11394101876675605
0 0.21895424836601307 0.44705093833780163 0.043374925727866914 0.17828418230563003
0 0.18092691622103388 0.20375335120643434 0.03624480095068333 0.17962466487935658
