0 0.7370229007633589 0.3031203566121842 0.037404580152671785 0.1901931649331352
0 0.7091603053435114 0.3343239227340267 0.05038167938931293 0.20802377414561665
0 0.6721374045801527 0.11961367013372956 0.05419847328244276 0.18573551263001487
0 0.6019083969465648 0.16716196136701336 0.026717557251908386 0.14710252600297175
0 0.6221374045801527 0.25334323922734026 0.05038167938931304 0.15007429420505203
0 0.5748091603053436 0.26671619613670133 0.06106870229007633 0.1441307578008915
0 0.5450381679389313 0.31054977711738485 0.05496183206106864 0.1218424962852897
0 0.5045801526717557 0.3187221396731055 0.04580152671755727 0.054977711738484425
0 0.5019083969465649 0.4049034175334324 0.05572519083969468 0.21248142644873697
0 0.3297709923664122 0.8283803863298662 0.0778625954198473 0.20653789004457646
0 0.4881679389312977 0.09732540861812779 0.03587786259541981 0.150074294205052
0 0.49694656488549616 0.1463595839524517 0.030534351145038163 0.11738484398216939
0 0.4858778625954199 0.2511144130757801 0.04809160305343513 0.10401188707280831
0 0.4442748091603054 0.3179791976225854 0.054961832061068694 0.10698365527488851
0 0.40916030534351144 0.3945022288261515 0.05801526717557248 0.11441307578008914
0 0.3320610687022901 0.2689450222882615 0.03816793893129766 0.18127786032689452
0 0.2866412213740458 0.2689450222882615 0.041984732824427495 0.19613670133729566
0 0.31068702290076333 0.12704309063893016 0.035114503816793874 0.15304606240713226
0 0.216793893129771 0.8291233283803863 0.054961832061068694 0.17236255572065384
0 0.38625954198473283 0.4554234769687964 0.036641221374045796 0.10252600297176817
0 0.34007633587786257 0.4955423476968796 0.06946564885496181 0.1589895988112927
