0 0.6188147295742232 0.3833780160857909 0.044303797468354444 0.1849865951742627
0 0.5937859608745685 0.3163538873994638 0.04487917146145004 0.17962466487935655
0 0.6280207134637514 0.11662198391420911 0.04200230149597228 0.1554959785522788
0 0.5186996547756042 0.18096514745308312 0.03624856156501732 0.19839142091152817
0 0.49136939010356734 0.2734584450402145 0.04948216340621403 0.16890080428954424
0 0.48935558112773303 0.3726541554959786 0.05235903337169162 0.05898123324396781
0 0.5598388952819333 0.44436997319034854 0.04372842347525896 0.16219839142091153
0 0.4991369390103567 0.43029490616621985 0.06616800920598392 0.08042895442359255
0 0.5037399309551208 0.5194369973190349 0.071921749136939 0.14879356568364616
0 0.5552359033371692 0.5831099195710456 0.04487917146144993 0.20643431635388743
0 0.403337169159954 0.5402144772117963 0.05753739930955121 0.14477211796246642
0 0.404487917146145 0.45107238605898126 0.05178365937859608 0.06568364611260052
0 0.40535097813578824 0.41554959785522794 0.05120828538550054 0.05898123324396781
0 0.4252013808975834 0.40013404825737264 0.05638665132336018 0.0871313672922252
0 0.4180092059838896 0.346514745308311 0.03624856156501727 0.052278820375335155
0 0.11047180667433833 0.40214477211796246 0.04372842347525893 0.20375335120643434
0 0.3383199079401611 0.15080428954423591 0.048331415420023005 0.18900804289544235
0 0.40189873417721517 0.20107238605898126 0.02128883774453394 0.17962466487935658
0 0.36823935558112775 0.25603217158176944 0.05983889528193326 0.19839142091152817
0 0.39614499424626004 0.31836461126005366 0.05235903337169162 0.06568364611260052
0 0.38089758342922897 0.4021447721179625 0.046029919447640955 0.13672922252010727
