0 0.5929887106357695 0.8672922252010724 0.036838978015448554 0.1769436997319035
0 0.6381461675579323 0.57171581769437 0.024955436720142554 0.17024128686327078
0 0.6705288175876412 0.4403485254691689 0.03267973856209161 0.13538873994638068
0 0.6675579322638147 0.3518766756032171 0.03505644682115272 0.07640750670241286
0 0.6669637551990494 0.2634048257372654 0.04099821746880572 0.13002680965147453
0 0.5341651812240047 0.15482573726541554 0.02614379084967322 0.10857908847184987
0 0.5496137849079026 0.26072386058981234 0.021390374331550888 0.14075067024128685
0 0.5579322638146168 0.3820375335120644 0.053475935828877 0.10991957104557643
0 0.5490196078431373 0.4497319034852547 0.041592394533571 0.0871313672922252
0 0.5695187165775402 0.5194369973190349 0.04693998811645872 0.13806970509383382
0 0.4756387403446227 0.8619302949061662 0.04575163398692811 0.1742627345844504
0 0.4337492572786691 0.5931635388739946 0.04396910279263222 0.15683646112600536
0 0.33808674985145576 0.4517426273458445 0.03208556149732622 0.14745308310991956
0 0.352346999405823 0.44235924932975873 0.011883541295306 0.04825737265415553
0 0.35175282234105765 0.353887399463807 0.029708853238265 0.09383378016085792
0 0.4634581105169341 0.1467828418230563 0.035650623885918 0.1193029490616622
0 0.45216874628639336 0.32372654155495983 0.033273915626856776 0.10857908847184988
0 0.46850861556743917 0.3257372654155496 0.03149138443256089 0.07506702412868632
0 0.47593582887700536 0.3739946380697051 0.03683897801544861 0.05898123324396781
0 0.49465240641711233 0.475201072386059 0.010101010101010055 0.009383378016085742
0 0.5047534165181224 0.4235924932975872 0.02911467617349972 0.09383378016085792
0 0.47088532382650033 0.45777479892761397 0.042186571598336275 0.11394101876675605
