0 0.20565243535778716 0.10857908847184986 0.03848466626578473 0.1769436997319035
0 0.03096812988574865 0.8605898123324397 0.052315093205051115 0.2466487935656836
0 0.2967528562838244 0.3424932975871314 0.0438965724594107 0.1997319034852547
0 0.3298256163559832 0.43766756032171583 0.04269392663860494 0.19705093833780163
0 0.42693926638604934 0.24396782841823056 0.04930847865303667 0.16621983914209115
0 0.5345760673481661 0.2526809651474531 0.04810583283223091 0.10857908847184986
0 0.49398677089597115 0.3378016085790885 0.06915213469633186 0.12600536193029488
0 0.4600120264582081 0.4812332439678284 0.056524353577871334 0.13672922252010727
0 0.4173180998196031 0.6112600536193029 0.034876728803367396 0.21983914209115285
0 0.4657245941070355 0.5978552278820375 0.0727600721587493 0.13672922252010722
0 0.5844858689116056 0.7587131367292226 0.06253758268190013 0.2466487935656837
0 0.534576067348166 0.700402144772118 0.05892964521948296 0.22386058981233237
0 0.7925435959110043 0.435656836461126 0.03367408298256158 0.20643431635388743
0 0.8084786530366808 0.45576407506702415 0.011425135297654876 0.02680965147453085
0 0.7648827420324715 0.37533512064343166 0.04930847865303678 0.20375335120643429
0 0.6764882742032472 0.16554959785522788 0.04690318701142515 0.18096514745308312
0 0.619362597714973 0.306970509383378 0.03968731208659049 0.11260053619302951
0 0.6413108839446784 0.3726541554959786 0.012627781118460635 0.018766756032171594
0 0.6259771497294047 0.2613941018766756 0.03487672880336745 0.05093833780160861
0 0.6040288634996993 0.3579088471849866 0.04630186410102233 0.1554959785522788
0 0.5472038484666266 0.4296246648793566 0.008418520745640423 0.025469168900804307
0 0.5721587492483464 0.38069705093833783 0.05111244738424536 0.07506702412868632
0 0.5874924834636199 0.475201072386059 0.05892964521948285 0.18096514745308312
