0 0.9725306838106369 0.5913978494623656 0.04675628287551137 0.21505376344086025
0 0.913208649912332 0.42204301075268824 0.02746931618936299 0.19892473118279574
0 0.8684979544126241 0.1196236559139785 0.036236119228521324 0.15860215053763443
0 0.7483927527761542 0.3051075268817205 0.02863822326125076 0.1774193548387097
0 0.7212156633547633 0.5524193548387097 0.03039158386908236 0.18817204301075274
0 0.5970192869666862 0.6673387096774195 0.040327293980128576 0.18951612903225812
0 0.6317942723553478 0.24059139784946237 0.03389830508474578 0.14784946236559138
0 0.5996493278784336 0.36223118279569894 0.05727644652250152 0.103494623655914
0 0.5619520748100526 0.5188172043010753 0.05902980713033312 0.10483870967741937
0 0.5470485096434833 0.5739247311827957 0.05143191116306256 0.1263440860215055
0 0.5204558737580363 0.6310483870967742 0.05902980713033312 0.12231182795698925
0 0.5336060783167738 0.07661290322580645 0.04441846873173583 0.13978494623655915
0 0.5350672121566336 0.21505376344086025 0.04734073641145531 0.1693548387096774
0 0.48714202220923436 0.28830645161290325 0.04850964348334308 0.15188172043010753
0 0.48480420806545876 0.375 0.039158386908240805 0.08602150537634407
0 0.48509643483343073 0.426747311827957 0.04441846873173583 0.08467741935483869
0 0.4953243717124488 0.4966397849462366 0.04500292226767971 0.13306451612903225
0 0.42840444184687315 0.5315860215053764 0.036236119228521324 0.07123655913978494
0 0.4368790181180596 0.5981182795698925 0.009935710111046159 0.026881720430107503
0 0.45178258328462884 0.49932795698924737 0.037405026300409094 0.0873655913978495
0 0.41642314436002337 0.620967741935484 0.04500292226767971 0.12903225806451613
0 0.3173582700175336 0.4415322580645162 0.049094097019286964 0.17607526881720437
0 0.2834599649327878 0.5094086021505376 0.025715955581531225 0.1774193548387097
