0 0.9500901984365605 0.5361930294906166 0.030066145520144305 0.19571045576407503
0 0.7125676488274204 0.21045576407506705 0.027660853878532787 0.15817694369973193
0 0.5484064942874324 0.2882037533512064 0.03247143716175582 0.08310991957104558
0 0.5568250150330728 0.3760053619302949 0.03607937462417321 0.14343163538874
0 0.5781719783523752 0.5750670241286864 0.03066746843054724 0.19034852546916892
0 0.4837642814191221 0.6729222520107239 0.03427540589296457 0.1769436997319035
0 0.4278412507516537 0.5087131367292226 0.05712567648827421 0.11662198391420914
0 0.4254359591100421 0.3156836461126006 0.0438965724594107 0.06300268096514744
0 0.4329524954900782 0.39678284182305634 0.05892964521948285 0.10991957104557643
0 0.45279615153337344 0.32238605898123324 0.010823812387251941 0.02815013404825739
0 0.43205051112447385 0.2667560321715818 0.04269392663860494 0.06166219839142095
0 0.4464822609741431 0.19705093833780163 0.027059530968129908 0.1099195710455764
0 0.35387853277209863 0.24932975871313673 0.04028863499699342 0.0482573726541555
0 0.2609741431148527 0.2902144772117963 0.03848466626578473 0.14343163538873996
0 0.1984365604329525 0.32908847184986595 0.046903187011425124 0.17828418230563003
0 0.16686710763680096 0.40013404825737264 0.03788334335538182 0.14611260053619302
0 0.3355381840048106 0.42359249329758714 0.04930847865303667 0.14745308310991956
0 0.33704149128081784 0.6152815013404827 0.0438965724594107 0.18230563002680966
0 0.2970535177390259 0.67828418230563 0.056524353577871334 0.19571045576407498
0 0.35598316295850874 0.31501340482573725 0.042092603728202005 0.05361930294906164
0 0.38063740228502707 0.3605898123324397 0.030066145520144305 0.09919571045576409
0 0.3454600120264582 0.282171581769437 0.03307276007215876 0.049597855227882015
