0 0.8120326308633582 0.2567567567567568 0.03738953093133923 0.18349928876244664
0 0.9738273283480625 0.5120910384068279 0.04282800815771581 0.18207681365576106
0 0.7980965329707681 0.721194879089616 0.042148198504418755 0.21052631578947367
0 0.6108089734874235 0.11806543385490754 0.03738953093133923 0.15362731152204837
0 0.5948334466349422 0.3399715504978663 0.035350101971447945 0.10526315789473684
0 0.6084296397008837 0.4722617354196302 0.03942895989123052 0.16785206258890473
0 0.5577838205302514 0.5782361308677099 0.03874915023793346 0.18634423897581792
0 0.4245411284840245 0.5519203413940257 0.06186267845003396 0.128022759601707
0 0.42216179469748466 0.438122332859175 0.05846363018354861 0.11948790896159317
0 0.4055064581917063 0.34992887624466573 0.044187627464309986 0.07112375533428161
0 0.38035350101971444 0.28165007112375534 0.04690686607749833 0.07965860597439545
0 0.26240652617267163 0.1287339971550498 0.05030591434398368 0.1635846372688478
0 0.03399048266485384 0.40540540540540543 0.02991162474507138 0.18776671408250356
0 0.2532290958531611 0.519203413940256 0.05098572399728077 0.12233285917496439
0 0.24031271244051666 0.6529160739687055 0.05098572399728077 0.1963015647226174
0 0.3266485384092454 0.5568990042674253 0.04554724677090416 0.17780938833570414
0 0.3120326308633582 0.4900426742532006 0.051665533650577855 0.15504978662873398
0 0.30285520054384774 0.4295874822190612 0.03467029231815094 0.05405405405405406
0 0.34058463630183544 0.4039829302987198 0.04758667573079539 0.10526315789473684
0 0.2946974847042828 0.3058321479374111 0.045547246770904104 0.08819345661450922
0 0.2912984364377974 0.3662873399715505 0.05098572399728074 0.1038406827880512
0 0.3239292997960571 0.3627311522048364 0.03602991162474506 0.06258890469416789
