0 0.8575949367088607 0.5777479892761395 0.02819332566168009 0.2091152815013405
0 0.6913118527042578 0.37533512064343166 0.009781357882623798 0.03753351206434313
0 0.6985040276179517 0.29490616621983917 0.025316455696202556 0.16890080428954427
0 0.5339470655926353 0.6662198391420913 0.028768699654775687 0.13672922252010722
0 0.6288837744533947 0.5475871313672922 0.019562715765247374 0.20509383378016083
0 0.5650172612197929 0.4785522788203753 0.03222094361334871 0.09919571045576409
0 0.5638665132336018 0.3552278820375335 0.018411967779056404 0.16890080428954424
0 0.4844649021864212 0.2754691689008043 0.0069044879171461515 0.036193029490616646
0 0.4867663981588032 0.19369973190348527 0.01956271576524743 0.1193029490616622
0 0.47209436133486765 0.3438337801608579 0.046605293440736495 0.15415549597855227
0 0.46116225546605294 0.47989276139410186 0.044303797468354444 0.1313672922252011
0 0.44562715765247407 0.552278820375335 0.04545454545454547 0.10187667560321712
0 0.4588607594936709 0.6105898123324397 0.02819332566168009 0.12734584450402142
0 0.379746835443038 0.29088471849865954 0.03337169159953973 0.128686327077748
0 0.3273878020713464 0.22050938337801612 0.03567318757192173 0.1541554959785523
0 0.34493670886075944 0.3793565683646113 0.03855005753739932 0.08847184986595175
0 0.37370540851553513 0.3914209115281502 0.024741081703107015 0.07506702412868632
0 0.34982738780207134 0.44168900804289546 0.029919447640966657 0.11126005361930291
0 0.3785960874568469 0.453083109919571 0.0391254315304948 0.06434316353887398
0 0.3970080552359033 0.5053619302949062 0.0299194476409666 0.10723860589812334
0 0.36334867663981585 0.5113941018766757 0.04660529344073644 0.041554959785522816
0 0.35443037974683544 0.5589812332439679 0.04833141542002306 0.07238605898123329
0 0.35184119677790565 0.6353887399463807 0.053509781357882646 0.1420911528150134
0 0.10356731875719218 0.49798927613941024 0.03912543153049483 0.1568364611260054
