0 0.6593567251461989 0.7816711590296497 0.0368421052631579 0.19946091644204855
0 0.5625730994152047 0.628032345013477 0.03742690058479525 0.19137466307277629
0 0.5807017543859649 0.532345013477089 0.03625730994152043 0.1778975741239892
0 0.5944444444444446 0.41509433962264153 0.033333333333333326 0.13207547169811318
0 0.5301169590643275 0.10579514824797845 0.032163742690058394 0.1334231805929919
0 0.4771929824561404 0.26010781671159033 0.029239766081871343 0.14555256064690028
0 0.4634502923976608 0.38342318059299196 0.06257309941520467 0.09568733153638814
0 0.44239766081871346 0.48247978436657685 0.06023391812865497 0.11590296495956875
0 0.43801169590643274 0.5869272237196765 0.011695906432748537 0.028301886792452824
0 0.41783625730994156 0.5545822102425876 0.041520467836257346 0.14420485175202152
0 0.39035087719298245 0.6765498652291105 0.048538011695906436 0.1428571428571428
0 0.4184210526315789 0.0862533692722372 0.04269005847953217 0.15094339622641512
0 0.3576023391812866 0.2473045822102426 0.04736842105263156 0.16037735849056603
0 0.3538011695906433 0.3753369272237197 0.038596491228070184 0.07951482479784366
0 0.36374269005847953 0.49123989218328845 0.04561403508771933 0.14690026954177898
0 0.35292397660818714 0.43800539083557954 0.04035087719298247 0.05121293800539084
0 0.3260233918128655 0.5080862533692723 0.03801169590643272 0.06199460916442051
0 0.3146198830409357 0.5545822102425877 0.03742690058479531 0.052560646900269625
0 0.3096491228070175 0.6266846361185984 0.04619883040935674 0.14016172506738545
0 0.2476608187134503 0.6778975741239892 0.050877192982456104 0.18328840970350402
0 0.14502923976608187 0.5154986522911051 0.032748538011695916 0.17924528301886794
0 0.17953216374269004 0.44946091644204855 0.047953216374269 0.1873315363881401
