0 0.1220703125 0.205078125 0.0341796875 0.142578125
0 0.4619140625 0.46484375 0.0556640625 0.1689453125
0 0.11474609375 0.7470703125 0.0400390625 0.1943359375
0 0.294921875 0.466796875 0.03076171875 0.17578125
0 0.52685546875 0.763671875 0.06103515625 0.1826171875
0 0.47265625 0.208984375 0.05419921875 0.12109375
0 0.29541015625 0.1083984375 0.02978515625 0.1357421875
0 0.56689453125 0.2470703125 0.0400390625 0.0625
0 0.35205078125 0.3701171875 0.0341796875 0.1669921875
0 0.8046875 0.3408203125 0.0380859375 0.1455078125
0 0.6261904761904762 0.23717948717948717 0.03537414965986396 0.1455505279034691
0 0.5460884353741496 0.15045248868778283 0.04319727891156466 0.13951734539969834
0 0.5637755102040816 0.3118401206636501 0.030952380952380953 0.09728506787330315
0 0.5285714285714285 0.34351432880844646 0.04489795918367345 0.08823529411764708
0 0.5348639455782312 0.39253393665158376 0.011224489795918391 0.03996983408748117
0 0.5465986394557822 0.305052790346908 0.029931972789115635 0.06862745098039214
0 0.5681972789115646 0.39404223227752644 0.0418367346938775 0.10633484162895929
0 0.6001700680272108 0.47360482654600305 0.03571428571428581 0.1583710407239819
0 0.3554421768707483 0.27073906485671195 0.028571428571428525 0.11010558069381599
0 0.4479591836734694 0.34841628959276016 0.014965986394557818 0.021116138763197567
0 0.4760204081632653 0.3042986425339367 0.045238095238095244 0.07767722473604827
0 0.47295918367346934 0.36349924585218707 0.0465986394557823 0.06787330316742085
