0 0.7768865121806299 0.44705093833780163 0.027926322043969165 0.17828418230563003
0 0.606951871657754 0.33847184986595175 0.025549613784907943 0.17292225201072386
0 0.5469399881164587 0.19369973190348527 0.04693998811645872 0.1514745308310992
0 0.5487225193107546 0.4309651474530831 0.0386215092097445 0.10589812332439674
0 0.5570409982174689 0.5180965147453083 0.0065359477124183885 0.02815013404825739
0 0.5436720142602496 0.35991957104557637 0.04278074866310155 0.07908847184986595
0 0.5270350564468211 0.41957104557640756 0.024955436720142665 0.08579088471849866
0 0.5133689839572193 0.45777479892761397 0.045157456922162775 0.09517426273458446
0 0.5264408793820559 0.48190348525469173 0.04991087344028522 0.0522788203753351
0 0.5314913844325609 0.514745308310992 0.039809863339275164 0.05630026809651478
0 0.5169340463458111 0.574396782841823 0.03208556149732611 0.12198391420911525
0 0.5418894830659537 0.6132707774798928 0.04396910279263222 0.11930294906166217
0 0.4310754604872252 0.636058981233244 0.05288175876411172 0.15415549597855227
0 0.41235888294711825 0.5878016085790885 0.023767082590612 0.036193029490616535
0 0.43196672608437314 0.5388739946380697 0.05704099821746883 0.07238605898123329
0 0.4376114081996435 0.47922252010723865 0.04575163398692811 0.06836461126005361
0 0.4566250742721331 0.4269436997319035 0.0445632798573975 0.113941018766756
0 0.4545454545454546 0.3579088471849866 0.045157456922162775 0.0616621983914209
0 0.3434343434343434 0.17761394101876676 0.02495543672014261 0.15951742627345844
0 0.31907308377896615 0.2479892761394102 0.027332144979203776 0.09919571045576411
0 0.31313131313131315 0.3512064343163539 0.030897207367795554 0.17158176943699732
0 0.2557932263814617 0.4664879356568365 0.03386809269162214 0.16353887399463807
0 0.21004159239453357 0.6635388739946382 0.032679738562091526 0.2091152815013405
