0 0.76806640625 0.7490234375 0.06103515625 0.2265625
0 0.5380859375 0.533203125 0.06298828125 0.1279296875
0 0.845703125 0.8896484375 0.056640625 0.2197265625
0 0.23095703125 0.533203125 0.0595703125 0.23046875
0 0.541015625 0.357421875 0.0634765625 0.1708984375
0 0.546875 0.7919921875 0.08349609375 0.2265625
0 0.72119140625 0.46875 0.0498046875 0.19921875
0 0.4169921875 0.77734375 0.0712890625 0.2646484375
0 0.93310546875 0.33984375 0.04443359375 0.20703125
0 0.73291015625 0.2333984375 0.0341796875 0.201171875
0 0.69775390625 0.59765625 0.0537109375 0.2236328125
0 0.20068359375 0.46875 0.05078125 0.1875
0 0.3583984375 0.423828125 0.0537109375 0.1748046875
0 0.41943359375 0.49609375 0.05419921875 0.1162109375
0 0.537109375 0.6494140625 0.06787109375 0.134765625
0 0.462890625 0.56640625 0.056640625 0.1630859375
0 0.42822265625 0.296875 0.06689453125 0.2041015625
0 0.37451171875 0.736328125 0.068359375 0.2099609375
0 0.42448979591836733 0.581447963800905 0.05714285714285716 0.05580693815987936
0 0.40578231292517003 0.6259426847662142 0.06054421768707485 0.07692307692307698
0 0.38350340136054417 0.5184766214177978 0.009863945578231281 0.03092006033182504
0 0.40476190476190477 0.43137254901960786 0.054421768707483 0.11915535444947212
