0 0.8871559633027523 0.6399999999999999 0.014067278287461793 0.049655172413793136
0 0.892966360856269 0.5717241379310345 0.04281345565749228 0.1613793103448276
0 0.8244648318042813 0.34137931034482755 0.04159021406727825 0.1724137931034483
0 0.6617737003058104 0.22275862068965513 0.03302752293577982 0.15310344827586206
0 0.5663608562691131 0.5489655172413792 0.04036697247706422 0.16000000000000003
0 0.5137614678899083 0.38275862068965516 0.04036697247706422 0.16137931034482755
0 0.5275229357798165 0.30206896551724133 0.031192660550458662 0.1462068965517241
0 0.428440366972477 0.3889655172413793 0.061773700305810364 0.0910344827586207
0 0.5253822629969419 0.7082758620689655 0.03669724770642202 0.20551724137931038
0 0.41406727828746176 0.49310344827586206 0.06360856269113146 0.11172413793103453
0 0.3883792048929663 0.5751724137931034 0.06483180428134555 0.12689655172413794
0 0.35718654434250763 0.6606896551724137 0.05871559633027523 0.16551724137931034
0 0.3602446483180428 0.2972413793103448 0.03914373088685014 0.16413793103448276
0 0.3354740061162079 0.29999999999999993 0.011620795107033621 0.07586206896551723
0 0.3333333333333333 0.22551724137931034 0.020795107033639182 0.06758620689655173
0 0.3110091743119266 0.3268965517241379 0.054434250764526015 0.15724137931034485
0 0.3229357798165138 0.39241379310344826 0.03914373088685014 0.0868965517241379
0 0.3244648318042813 0.4448275862068965 0.045871559633027525 0.06482758620689655
0 0.328440366972477 0.5096551724137931 0.047706422018348627 0.1227586206896552
0 0.29021406727828747 0.6213793103448275 0.012844036697247707 0.017931034482758568
0 0.27767584097859327 0.5448275862068965 0.04036697247706422 0.07448275862068965
0 0.26483180428134556 0.6372413793103449 0.047706422018348627 0.13241379310344825
0 0.15351681957186541 0.4641379310344827 0.048929663608562685 0.1834482758620689
0 0.11529051987767583 0.5289655172413793 0.02629969418960243 0.18896551724137933
