0 0.8035350101971448 0.23897581792318637 0.7994561522773623 0.2617354196301565 0.8021753908905506 0.26458036984352773 0.8028552005438476 0.3300142247510669 0.7946974847042828 0.3442389758179232 0.8048946295037389 0.3485064011379801 0.8171312032630863 0.33712660028449504 0.8273283480625424 0.3357041251778094 0.8307273963290278 0.32859174964438126 0.8218898708361658 0.283072546230441 0.8218898708361658 0.24182076813655762 0.8069340584636301 0.17069701280227598 0.7987763426240652 0.16500711237553345 0.7933378653976886 0.17354196301564723 0.7933378653976886 0.18634423897581792 0.8035350101971448 0.23897581792318637
0 0.9578518014955811 0.44950213371266007 0.9619306594153636 0.4722617354196302 0.9714479945615228 0.49217638691322907 0.9666893269884432 0.5135135135135135 0.9666893269884432 0.5874822190611665 0.9598912304554724 0.6017069701280228 0.9694085656016315 0.6031294452347085 0.9952413324269204 0.5917496443812233 0.9952413324269204 0.5803698435277382 0.9836845683208701 0.5448079658605974 0.9864038069340584 0.5206258890469417 0.9952413324269204 0.507823613086771 0.9918422841604351 0.48364153627311524 0.9700883752549285 0.438122332859175 0.9666893269884432 0.42247510668563304 0.9571719918422841 0.4210526315789474 0.9524133242692046 0.4310099573257468 0.9524133242692046 0.4395448079658606 0.9578518014955811 0.44950213371266007
0 0.7804214819850441 0.6543385490753912 0.7797416723317471 0.6671408250355619 0.7838205302515295 0.6785206258890469 0.7906186267845003 0.7937411095305833 0.7885791978246091 0.8108108108108109 0.7797416723317471 0.8207681365576103 0.7933378653976886 0.8264580369843528 0.7940176750509856 0.8193456614509247 0.8021753908905506 0.8136557610241821 0.8164513936097892 0.8165007112375534 0.8048946295037389 0.7553342816500711 0.8082936777702243 0.7411095305832148 0.8171312032630863 0.732574679943101 0.8191706322229775 0.705547652916074 0.7899388171312032 0.6187766714082504 0.7845003399048266 0.6159317211948792 0.778382053025153 0.6230440967283073 0.7770224337185587 0.6415362731152205 0.7804214819850441 0.6543385490753912
0 0.6023113528212101 0.08534850640113799 0.6057104010876954 0.10384068278805121 0.6063902107409925 0.14509246088193456 0.6009517335146158 0.17069701280227598 0.5921142080217539 0.18634423897581792 0.5927940176750509 0.19061166429587484 0.6050305914343983 0.1849217638691323 0.6186267845003399 0.19487908961593173 0.628823929299796 0.19203413940256048 0.6295037389530931 0.18349928876244667 0.6227056424201223 0.14793741109530584 0.6274643099932019 0.11237553342816502 0.6267845003399047 0.09530583214793742 0.6057104010876954 0.042674253200568994 0.5982324949014276 0.04125177809388336 0.5941536369816451 0.05689900426742532 0.5968728755948334 0.08108108108108109 0.6023113528212101 0.08534850640113799
0 0.5880353501019714 0.3456614509246088 0.5880353501019714 0.3570412517780939 0.584636301835486 0.3584637268847795 0.5839564921821889 0.368421052631579 0.5873555404486743 0.3655761024182077 0.5941536369816451 0.3741109530583215 0.5934738273283481 0.3869132290184922 0.6057104010876954 0.39260312944523473 0.6125084976206662 0.36699857752489334 0.6125084976206662 0.3570412517780939 0.6070700203942896 0.3442389758179232 0.6036709721278042 0.32432432432432434 0.5880353501019714 0.2873399715504979 0.5812372535690007 0.2873399715504979 0.5771583956492182 0.2958748221906117 0.5771583956492182 0.31578947368421056 0.5880353501019714 0.3456614509246088
0 0.5941536369816451 0.4210526315789474 0.6009517335146158 0.45803698435277385 0.5948334466349422 0.4793741109530583 0.5941536369816451 0.49217638691322907 0.6009517335146158 0.49786628733997157 0.6084296397008837 0.5263157894736842 0.6057104010876954 0.5561877667140825 0.619306594153637 0.5533428165007113 0.619306594153637 0.5177809388335705 0.6159075458871516 0.5049786628733998 0.6170407885791979 0.4926500711237554 0.628144119646499 0.4694167852062589 0.628144119646499 0.45519203413940257 0.6213460231135282 0.4438122332859175 0.6029911624745071 0.39260312944523473 0.5948334466349422 0.3883357041251778 0.5900747790618627 0.395448079658606 0.5887151597552684 0.40682788051209107 0.5941536369816451 0.4210526315789474
0 0.5452073419442556 0.5277382645803699 0.5554044867437117 0.6486486486486487 0.5526852481305234 0.65149359886202 0.5547246770904146 0.6614509246088194 0.5520054384772264 0.6699857752489332 0.5642420122365738 0.6714082503556188 0.566281441196465 0.6671408250355619 0.566961250849762 0.6173541963015647 0.5717199184228415 0.5889046941678521 0.5771583956492182 0.5775248933143671 0.5764785859959211 0.5576102418207681 0.5499660095173351 0.4864864864864865 0.5424881033310672 0.4850640113798009 0.5384092454112848 0.4950213371266003 0.5384092454112848 0.5092460881934566 0.5452073419442556 0.5277382645803699
0 0.39972807613868117 0.5220483641536273 0.40516655336505775 0.5490753911806544 0.4017675050985724 0.5846372688477952 0.39428959891230453 0.6116642958748222 0.39972807613868117 0.6116642958748222 0.40380693405846363 0.5988620199146515 0.4099252209381373 0.55049786628734 0.4180829367777022 0.5419630156472262 0.42352141400407883 0.55049786628734 0.4242012236573759 0.5761024182076814 0.4276002719238613 0.5860597439544808 0.4479945615227736 0.6059743954480797 0.4473147518694765 0.6145092460881935 0.45003399048266485 0.6159317211948792 0.45547246770904143 0.5974395448079659 0.4411964649898028 0.5732574679943101 0.44051665533650575 0.5547652916073968 0.44391570360299115 0.5291607396870555 0.442556084296397 0.5135135135135135 0.4391570360299116 0.5064011379800853 0.4092454112848402 0.49644381223328593 0.40244731475186946 0.48790896159317215 0.3970088375254928 0.48790896159317215 0.39360978925900747 0.4950213371266003 0.39360978925900747 0.507823613086771 0.39972807613868117 0.5220483641536273
0 0.39768864717878993 0.4082503556187767 0.4004078857919782 0.4238975817923187 0.4004078857919782 0.4722617354196302 0.4486743711760707 0.49786628733997157 0.45139360978925896 0.4950213371266003 0.45003399048266485 0.4736842105263158 0.442556084296397 0.47083926031294454 0.433718558803535 0.45519203413940257 0.44323589394969404 0.4182076813655761 0.4384772263766145 0.39687055476529165 0.4187627464309993 0.38549075391180654 0.4092454112848402 0.3869132290184922 0.4017675050985724 0.3783783783783784 0.39292997960571036 0.38406827880512096 0.39360978925900747 0.4039829302987198 0.39768864717878993 0.4082503556187767
0 0.3908905506458191 0.33428165007112376 0.3888511216859279 0.35419630156472265 0.39360978925900747 0.37268847795163584 0.4010876954452753 0.3741109530583215 0.4106050305914344 0.38549075391180654 0.42216179469748466 0.38549075391180654 0.4276002719238613 0.3613086770981508 0.4262406526172671 0.3456614509246088 0.4214819850441876 0.33712660028449504 0.3888511216859279 0.3143669985775249 0.3834126444595513 0.31721194879089615 0.3908905506458191 0.33428165007112376
0 0.36233854520734193 0.2930298719772404 0.3725356900067981 0.30725462304409673 0.3745751189666893 0.32147937411095306 0.3908905506458191 0.30725462304409673 0.398368456832087 0.31578947368421056 0.40380693405846363 0.3143669985775249 0.3970088375254928 0.30156472261735423 0.39972807613868117 0.26600284495021337 0.3956492182188987 0.24893314366998578 0.38681169272603666 0.24608819345661453 0.3772943575798776 0.2532005689900427 0.363018354860639 0.24182076813655762 0.3569000679809653 0.24751066856330015 0.3569000679809653 0.2631578947368421 0.36233854520734193 0.2930298719772404
0 0.24473147518694763 0.20910384068278806 0.24473147518694763 0.19203413940256048 0.26172671651937457 0.1465149359886202 0.27396329027872196 0.1635846372688478 0.2773623385452073 0.1891891891891892 0.2760027192386132 0.2105263157894737 0.2848402447314752 0.20910384068278806 0.28008157715839566 0.1891891891891892 0.27940176750509854 0.13940256045519203 0.2753229095853161 0.1166429587482219 0.2760027192386132 0.10241820768136559 0.28755948334466347 0.06401137980085349 0.2868796736913664 0.052631578947368425 0.283480625424881 0.04694167852062589 0.2760027192386132 0.049786628733997154 0.2726036709721278 0.06827880512091039 0.26444595513256286 0.07823613086770982 0.2542488103331067 0.11522048364153628 0.2515295717199184 0.14793741109530584 0.2372535690006798 0.19914651493598862 0.23793337865397687 0.2105263157894737 0.24473147518694763 0.20910384068278806
0 0.027192386131883073 0.44523470839260315 0.025832766825288917 0.49359886201991465 0.04010876954452753 0.4992887624466572 0.045547246770904146 0.47795163584637274 0.036709721278042146 0.46799431009957326 0.036029911624745066 0.44523470839260315 0.04010876954452753 0.41251778093883357 0.0380693405846363 0.38975817923186346 0.04894629503738953 0.32859174964438126 0.044867437117607066 0.3129445234708393 0.0380693405846363 0.31152204836415365 0.03263086335825968 0.3186344238975818 0.02311352821210061 0.3698435277382646 0.01903467029231815 0.4011379800853485 0.027192386131883073 0.44523470839260315
0 0.23045547246770903 0.5320056899004267 0.24201223657375934 0.5433854907539118 0.24405166553365057 0.5533428165007113 0.2399728076138681 0.5704125177809388 0.24473147518694763 0.5803698435277382 0.24745071380013595 0.5775248933143671 0.24745071380013595 0.566145092460882 0.25832766825288916 0.55049786628734 0.2590074779061863 0.5206258890469417 0.27668252889191025 0.4864864864864865 0.2787219578518015 0.4694167852062589 0.274643099932019 0.4594594594594595 0.26784500339904826 0.45803698435277385 0.2630863358259687 0.4722617354196302 0.24473147518694763 0.48364153627311524 0.23045547246770903 0.5007112375533428 0.22773623385452071 0.523470839260313 0.23045547246770903 0.5320056899004267
0 0.2338545207341944 0.6315789473684211 0.2290958531611149 0.6955903271692746 0.21481985044187626 0.7339971550497867 0.21481985044187626 0.7425320056899004 0.2195785180149558 0.7510668563300142 0.22365737593473825 0.7496443812233287 0.22433718558803534 0.7254623044096729 0.2406526172671652 0.6870554765291608 0.25220938137321547 0.7012802275960172 0.2542488103331067 0.7439544807965861 0.26580557443915703 0.7411095305832148 0.2590074779061863 0.7240398293029873 0.25832766825288916 0.6770981507823614 0.26172671651937457 0.6642958748221907 0.25628823929299793 0.6386913229018493 0.2603670972127804 0.5903271692745378 0.2651257647858599 0.5746799431009958 0.2630863358259687 0.5604551920341394 0.25968728755948334 0.5547652916073968 0.2528891910265126 0.5561877667140825 0.24949014276002718 0.5775248933143671 0.2406526172671652 0.5846372688477952 0.23861318830727396 0.593172119487909 0.23929299796057102 0.6159317211948792 0.2338545207341944 0.6315789473684211
0 0.3065941536369816 0.6031294452347085 0.309993201903467 0.6002844950213372 0.3161114887831407 0.5789473684210527 0.33038749150237934 0.5903271692745378 0.3399048266485384 0.6458036984352774 0.3419442556084296 0.6372688477951636 0.34058463630183544 0.5960170697012802 0.34398368456832085 0.5817923186344239 0.34058463630183544 0.5732574679943101 0.3392250169952413 0.534850640113798 0.3446634942216179 0.5007112375533428 0.3494221617946975 0.48790896159317215 0.3480625424881033 0.47510668563300146 0.34058463630183544 0.46799431009957326 0.3337865397688647 0.4765291607396871 0.3161114887831407 0.5206258890469417 0.30931339225016996 0.5490753911806544 0.3038749150237933 0.5974395448079659 0.3065941536369816 0.6031294452347085
0 0.29027872195785176 0.48364153627311524 0.3004758667573079 0.4992887624466572 0.3045547246770904 0.5163584637268848 0.29027872195785176 0.5604551920341394 0.3065941536369816 0.5675675675675675 0.3045547246770904 0.5604551920341394 0.3167912984364378 0.5149359886201992 0.32426920462270564 0.5007112375533428 0.3263086335825969 0.4637268847795164 0.33786539768864715 0.43243243243243246 0.33786539768864715 0.42247510668563304 0.33174711080897346 0.4139402560455192 0.32087015635622024 0.41251778093883357 0.31135282121006114 0.4338549075391181 0.29639700883752546 0.4423897581792319 0.28755948334466347 0.45519203413940257 0.2861998640380693 0.4694167852062589 0.29027872195785176 0.48364153627311524
0 0.309993201903467 0.43243243243243246 0.3201903467029232 0.4082503556187767 0.31475186947654654 0.40256045519203415 0.30251529571719915 0.40540540540540543 0.2929979605710401 0.411095305832148 0.28552005438477224 0.42532005689900426 0.2861998640380693 0.4566145092460882 0.309993201903467 0.43243243243243246
0 0.3446634942216179 0.4182076813655761 0.35893949694085653 0.4566145092460882 0.36437797416723317 0.45376955903271693 0.36097892590074776 0.44950213371266007 0.35350101971447995 0.40682788051209107 0.3569000679809653 0.3755334281650071 0.36233854520734193 0.3712660028449502 0.36233854520734193 0.3627311522048364 0.3575798776342624 0.35135135135135137 0.35010197144799454 0.35135135135135137 0.3167912984364378 0.3826458036984353 0.3167912984364378 0.39971550497866287 0.3446634942216179 0.4182076813655761
0 0.2780421481985044 0.34992887624466573 0.2929979605710401 0.3385490753911807 0.30319510537049627 0.32574679943101 0.31747110808973483 0.2802275960170697 0.3167912984364378 0.26884779516358465 0.31135282121006114 0.2617354196301565 0.3052345343303875 0.26458036984352773 0.2760027192386132 0.3058321479374111 0.27192386131883073 0.3200568990042674 0.27192386131883073 0.33712660028449504 0.2780421481985044 0.34992887624466573
0 0.2814411964649898 0.40540540540540543 0.28552005438477224 0.4182076813655761 0.3004758667573079 0.4039829302987198 0.3004758667573079 0.3883357041251778 0.30863358259687285 0.3456614509246088 0.30591434398368456 0.3357041251778094 0.30931339225016996 0.32574679943101 0.3167912984364378 0.3271692745376956 0.31475186947654654 0.31721194879089615 0.3065941536369816 0.3143669985775249 0.2760027192386132 0.3570412517780939 0.26580557443915703 0.3783783783783784 0.2664853840924541 0.3869132290184922 0.2814411964649898 0.40540540540540543
0 0.31135282121006114 0.39402560455192037 0.31475186947654654 0.38549075391180654 0.3385452073419442 0.3627311522048364 0.33786539768864715 0.35135135135135137 0.3419442556084296 0.34708392603129445 0.3419442556084296 0.3357041251778094 0.33174711080897346 0.3314366998577525 0.32087015635622024 0.3357041251778094 0.3079537729435758 0.34992887624466573 0.30591434398368456 0.3741109530583215 0.31135282121006114 0.39402560455192037