0 0.726678550207962 0.8109919571045576 0.734402852049911 0.8150134048257373 0.7391562685680333 0.7962466487935657 0.7379679144385027 0.757372654155496 0.7480689245395128 0.7024128686327078 0.7474747474747475 0.6916890080428955 0.7415329768270945 0.6648793565683646 0.7237076648841355 0.6193029490616622 0.7189542483660131 0.6166219839142091 0.7130124777183601 0.6246648793565683 0.7124183006535948 0.6380697050938338 0.726678550207962 0.8109919571045576
0 0.7278669043374926 0.19436997319034852 0.728461081402258 0.16219839142091153 0.734402852049911 0.16085790884718498 0.7486631016042781 0.18096514745308312 0.7510398098633393 0.1970509383378016 0.7540106951871658 0.19436997319034852 0.7551990493166965 0.18096514745308312 0.7433155080213905 0.15683646112600536 0.7492572786690435 0.1193029490616622 0.7480689245395128 0.10857908847184987 0.7314319667260845 0.08310991957104558 0.728461081402258 0.07104557640750671 0.7201426024955437 0.07372654155495979 0.7201426024955437 0.19571045576407506 0.7278669043374926 0.19436997319034852
0 0.5537730243612596 0.20509383378016086 0.5537730243612596 0.26005361930294907 0.5573380867498515 0.28418230563002683 0.5567439096850861 0.29758713136729226 0.5508021390374331 0.3096514745308311 0.560308972073678 0.3109919571045576 0.5704099821746881 0.289544235924933 0.5793226381461676 0.2868632707774799 0.572192513368984 0.2520107238605898 0.5763517528223411 0.21983914209115282 0.5567439096850861 0.15683646112600536 0.5496137849079026 0.1554959785522788 0.5466428995840761 0.16085790884718498 0.5460487225193108 0.17828418230563003 0.5537730243612596 0.20509383378016086
0 0.5098039215686275 0.339142091152815 0.5121806298276886 0.35254691689008044 0.5169340463458111 0.34048257372654156 0.5264408793820559 0.34316353887399464 0.5311942959001783 0.3378016085790885 0.5353535353535354 0.306970509383378 0.5300059417706476 0.2868632707774799 0.5086155674390969 0.2828418230563003 0.5044563279857398 0.2989276139410188 0.4943553178847297 0.3096514745308311 0.4943553178847297 0.32707774798927614 0.5098039215686275 0.339142091152815
0 0.5169340463458111 0.3793565683646113 0.5210932857991681 0.403485254691689 0.5163398692810458 0.4517426273458445 0.518716577540107 0.45308310991957107 0.5199049316696376 0.43967828418230565 0.5401069518716578 0.4383378016085791 0.5412953060011884 0.4316353887399464 0.536541889483066 0.41420911528150134 0.542483660130719 0.4061662198391421 0.5519904931669638 0.42091152815013405 0.5597147950089127 0.42091152815013405 0.5579322638146168 0.4128686327077748 0.5519904931669638 0.40884718498659517 0.5508021390374331 0.386058981233244 0.5531788472964944 0.36595174262734587 0.5472370766488414 0.339142091152815 0.5353535353535354 0.33646112600536193 0.518716577540107 0.34584450402144773 0.5092097445038621 0.3605898123324397 0.5086155674390969 0.3726541554959786 0.5169340463458111 0.3793565683646113
0 0.5727866904337493 0.40482573726541554 0.5715983363042187 0.4383378016085791 0.5739750445632799 0.44906166219839144 0.5715983363042187 0.4597855227882038 0.572192513368984 0.47587131367292224 0.5668449197860963 0.4973190348525469 0.5775401069518717 0.4973190348525469 0.5775401069518717 0.4571045576407507 0.5822935234699941 0.4477211796246649 0.6001188354129531 0.4705093833780161 0.601901366607249 0.4865951742627346 0.6048722519310755 0.4906166219839142 0.6084373143196673 0.4865951742627346 0.6108140225787285 0.47989276139410186 0.6090314913844326 0.4705093833780161 0.5941770647653001 0.4450402144772118 0.595959595959596 0.42761394101876676 0.5947712418300654 0.403485254691689 0.58407605466429 0.3766756032171582 0.5710041592394534 0.3552278820375335 0.5656565656565657 0.36863270777479895 0.5650623885918004 0.386058981233244 0.5727866904337493 0.40482573726541554
0 0.5181224004753416 0.48257372654155495 0.5222816399286988 0.5294906166219839 0.5252525252525253 0.5254691689008043 0.5710041592394534 0.5844504021447722 0.5745692216280452 0.5777479892761395 0.5745692216280452 0.5670241286863271 0.5567439096850861 0.5402144772117963 0.560308972073678 0.49865951742627346 0.5561497326203209 0.47989276139410186 0.5436720142602496 0.47319034852546915 0.5316399286987522 0.4745308310991957 0.5222816399286988 0.4611260053619303 0.5151515151515151 0.4664879356568365 0.5145573380867499 0.4772117962466488 0.5181224004753416 0.48257372654155495
0 0.39869281045751637 0.7613941018766757 0.39869281045751637 0.7332439678284183 0.41117052881758764 0.7131367292225201 0.42305407011289364 0.6836461126005362 0.43137254901960786 0.6890080428954424 0.43315508021390375 0.6957104557640751 0.4379084967320262 0.7479892761394102 0.4515745692216281 0.7479892761394102 0.44503862150920975 0.7359249329758714 0.4408793820558527 0.7158176943699732 0.44028520499108736 0.6849865951742627 0.43315508021390375 0.6447721179624665 0.4426619132501486 0.593833780160858 0.45098039215686275 0.5737265415549598 0.447415329768271 0.561662198391421 0.43909685086155675 0.5589812332439679 0.43434343434343436 0.5750670241286864 0.42424242424242425 0.5924932975871314 0.411764705882353 0.6487935656836461 0.40760546642899587 0.693029490616622 0.4040404040404041 0.7064343163538874 0.38740344622697565 0.7412868632707775 0.39037433155080214 0.7533512064343164 0.39869281045751637 0.7613941018766757
0 0.42008318478906714 0.5563002680965148 0.40760546642899587 0.5737265415549598 0.4147355912061795 0.5911528150134049 0.41711229946524064 0.5884718498659518 0.4159239453357101 0.5723860589812333 0.4337492572786691 0.5536193029490617 0.4497920380273322 0.5563002680965148 0.44919786096256686 0.5254691689008043 0.4575163398692811 0.5053619302949062 0.44919786096256686 0.4879356568364611 0.4545454545454546 0.4597855227882038 0.453357100415924 0.4450402144772118 0.459298871063577 0.435656836461126 0.45989304812834225 0.4249329758713137 0.4563279857397505 0.42091152815013405 0.4438502673796792 0.4249329758713137 0.4266191325014855 0.4638069705093834 0.41948900772430187 0.48927613941018766 0.4278074866310161 0.5375335120643432 0.42008318478906714 0.5563002680965148
0 0.2650029708853238 0.5053619302949062 0.26856803327391565 0.514745308310992 0.30362448009506837 0.5093833780160858 0.31016042780748665 0.3445040214477212 0.30659536541889487 0.32707774798927614 0.30124777183600715 0.32439678284182305 0.29827688651218065 0.3284182305630027 0.27807486631016043 0.39946380697050937 0.27866904337492576 0.4155495978552279 0.2650029708853238 0.5053619302949062
0 0.26381461675579326 0.38069705093833783 0.27035056446821154 0.403485254691689 0.26916221033868093 0.4410187667560322 0.27272727272727276 0.4571045576407507 0.28104575163398693 0.36595174262734587 0.29411764705882354 0.3418230563002681 0.29827688651218065 0.32439678284182305 0.29708853238265004 0.3109919571045576 0.2917409387997624 0.3042895442359249 0.2857991681521094 0.306970509383378 0.28163992869875226 0.32171581769436997 0.27153891859774215 0.33378016085790885 0.25965537730243615 0.3579088471849866 0.25846702317290554 0.3793565683646113 0.26381461675579326 0.38069705093833783
0 0.42127153891859775 0.2064343163538874 0.42840166369578137 0.19973190348525469 0.43731431966726086 0.1742627345844504 0.44800950683303625 0.17560321715817695 0.4497920380273322 0.21983914209115282 0.4587046939988117 0.2225201072386059 0.45989304812834225 0.09919571045576407 0.4616755793226382 0.08847184986595175 0.4587046939988117 0.07238605898123325 0.4545454545454546 0.06970509383378017 0.45098039215686275 0.07372654155495979 0.4349376114081997 0.13136729222520108 0.4337492572786691 0.15281501340482573 0.42127153891859775 0.2064343163538874
0 0.38978015448603687 0.2359249329758713 0.38978015448603687 0.25335120643431636 0.38680926916221037 0.26943699731903487 0.37492572786690437 0.30294906166219837 0.37670825906120026 0.3109919571045576 0.3832442067736186 0.31769436997319034 0.382055852644088 0.2989276139410188 0.3951277480689246 0.2680965147453083 0.40047534165181226 0.2667560321715818 0.4028520499108735 0.2761394101876676 0.40522875816993464 0.27479892761394104 0.40819964349376114 0.24396782841823056 0.40463458110516937 0.225201072386059 0.41057635175282237 0.17292225201072386 0.4058229352347 0.15951742627345844 0.39928698752228164 0.1675603217158177 0.39453357100415926 0.2131367292225201 0.38978015448603687 0.2359249329758713
0 0.393939393939394 0.3485254691689008 0.3951277480689246 0.33378016085790885 0.4040404040404041 0.3042895442359249 0.40819964349376114 0.3042895442359249 0.41235888294711825 0.29490616621983917 0.4188948306595366 0.30294906166219837 0.42008318478906714 0.32171581769436997 0.4248366013071896 0.3163538873994638 0.42840166369578137 0.29356568364611263 0.42602495543672014 0.2605 0.43612596553773025 0.21983914209115282 0.43315508021390375 0.20241286863270777 0.42840166369578137 0.20107238605898123 0.41830065359477125 0.2158176943699732 0.4040404040404041 0.2613941018766756 0.39869281045751637 0.306970509383378 0.38978015448603687 0.33646112600536193 0.38978015448603687 0.3485254691689008 0.393939393939394 0.3485254691689008
0 0.41117052881758764 0.4195710455764075 0.41117052881758764 0.43029490616621985 0.41830065359477125 0.42091152815013405 0.4307783719548426 0.386058981233244 0.4426619132501486 0.3766756032171582 0.43909685086155675 0.3512064343163539 0.453357100415924 0.3190348525469169 0.45513963161021986 0.3096514745308311 0.45395127748068925 0.29758713136729226 0.4456327985739751 0.2922252010723861 0.4278074866310161 0.3136729222520107 0.41830065359477125 0.3284182305630027 0.41354723707664887 0.3512064343163539 0.4218657159833631 0.386058981233244 0.41117052881758764 0.4195710455764075
0 0.43909685086155675 0.42761394101876676 0.45513963161021986 0.403485254691689 0.4575163398692811 0.3941018766756032 0.46702317290552586 0.39276139410187666 0.47177658942364825 0.37801608579088475 0.4693998811645871 0.3646112600536193 0.46286393345216875 0.35924932975871315 0.45811051693404636 0.36863270777479895 0.4266191325014855 0.38873994638069703 0.42602495543672014 0.4008042895442359 0.43909685086155675 0.42761394101876676
0 0.47474747474747475 0.450402144772118 0.4693998811645871 0.4664879356568365 0.471182412358883 0.47587131367292224 0.4664289958407606 0.5187667560321716 0.47890671420083186 0.5187667560321716 0.47474747474747475 0.5067024128686327 0.4913844325609032 0.47989276139410186 0.4979203802733215 0.48927613941018766 0.4979203802733215 0.4973190348525469 0.5044563279857398 0.4973190348525469 0.4973262032085562 0.4812332439678284 0.494949494949495 0.46246648793565687 0.4973262032085562 0.4222520107238606 0.500891265597148 0.41152815013404825 0.500891265597148 0.40214477211796246 0.4973262032085562 0.39276139410187666 0.49079025549613786 0.3914209115281501 0.4842543077837196 0.403485254691689 0.47177658942364825 0.41152815013404825 0.4646464646464647 0.4316353887399464 0.46405228758169936 0.435656836461126 0.47474747474747475 0.450402144772118