0 0.9239453357100417 0.22117962466487937 0.9239453357100417 0.23324396782841825 0.9209744503862152 0.24396782841823056 0.9239453357100417 0.2989276139410188 0.9162210338680927 0.31769436997319034 0.9251336898395722 0.3203753351206434 0.9322638146167559 0.3109919571045576 0.9417706476530007 0.3109919571045576 0.9435531788472965 0.30563002680965146 0.9370172311348782 0.257372654155496 0.9435531788472965 0.23726541554959785 0.942364824717766 0.2158176943699732 0.9233511586452764 0.16085790884718498 0.9174093879976234 0.1581769436997319 0.9120617944147357 0.1648793565683646 0.910873440285205 0.17828418230563003 0.9239453357100417 0.22117962466487937
0 0.6821152703505645 0.5670241286863271 0.6785502079619727 0.5777479892761395 0.6844919786096257 0.5884718498659518 0.6821152703505645 0.6005361930294906 0.6833036244800951 0.6380697050938338 0.6773618538324421 0.6568364611260054 0.6856803327391563 0.6568364611260054 0.6892453951277481 0.6514745308310992 0.6880570409982175 0.631367292225201 0.6951871657754011 0.6327077747989276 0.696969696969697 0.6434316353887399 0.7011289364230541 0.6367292225201072 0.6963755199049317 0.6072386058981233 0.7052881758764112 0.5737265415549598 0.7058823529411765 0.5630026809651475 0.7023172905525847 0.5509383378016086 0.6821152703505645 0.514745308310992 0.6815210932857992 0.5053619302949062 0.6743909685086156 0.5026809651474531 0.6714200831847891 0.5067024128686327 0.6714200831847891 0.5254691689008043 0.6821152703505645 0.5670241286863271
0 0.5240641711229946 0.8552278820375335 0.5300059417706476 0.8941018766756033 0.5300059417706476 0.903485254691689 0.5252525252525253 0.9142091152815014 0.5335710041592395 0.9168900804289545 0.5401069518716578 0.903485254691689 0.5401069518716578 0.8404825737265416 0.5454545454545455 0.7989276139410187 0.5430778371954843 0.7587131367292226 0.5395127748068925 0.739946380697051 0.5323826500297089 0.7265415549597856 0.5300059417706476 0.7091152815013405 0.5222816399286988 0.7091152815013405 0.5210932857991681 0.754691689008043 0.5240641711229946 0.8552278820375335
0 0.6874628639334522 0.44638069705093836 0.685086155674391 0.44906166219839144 0.69281045751634 0.4597855227882038 0.6880570409982175 0.47319034852546915 0.696969696969697 0.47319034852546915 0.698752228163993 0.4691689008042896 0.696969696969697 0.4289544235924933 0.70291146761735 0.39544235924932974 0.7035056446821153 0.37533512064343166 0.6939988116458705 0.3284182305630027 0.685086155674391 0.3042895442359249 0.6815210932857992 0.3042895442359249 0.679144385026738 0.31233243967828417 0.6874628639334522 0.44638069705093836
0 0.6678550207961973 0.27882037533512066 0.6660724896019015 0.3136729222520107 0.6714200831847891 0.3230563002680965 0.679144385026738 0.30294906166219837 0.6862745098039216 0.29758713136729226 0.6898395721925135 0.2868632707774799 0.6898395721925135 0.2761394101876676 0.6696375519904932 0.24262734584450402 0.6654783125371361 0.22922252010723862 0.661319073083779 0.22788203753351208 0.6565656565656566 0.2359249329758713 0.6571598336304219 0.2520107238605898 0.6678550207961973 0.27882037533512066
0 0.560308972073678 0.030831099195710455 0.5686274509803922 0.06032171581769437 0.5674390968508616 0.09249329758713137 0.5704099821746881 0.10187667560321716 0.5686274509803922 0.12198391420911528 0.5745692216280452 0.12332439678284182 0.578134284016637 0.10991957104557641 0.5751633986928105 0.08847184986595175 0.5775401069518717 0.07506702412868632 0.58407605466429 0.064343163538874 0.5864527629233512 0.04691689008042896 0.5822935234699941 0.036193029490616625 0.5668449197860963 0.0160857908847185 0.5638740344622698 0.005361930294906166 0.5597147950089127 0.006702412868632708 0.5579322638146168 0.014745308310991957 0.560308972073678 0.030831099195710455
0 0.5472370766488414 0.25067024128686327 0.5436720142602496 0.27211796246648795 0.5454545454545455 0.2774798927613941 0.5490196078431373 0.2707774798927614 0.5644682115270351 0.2774798927613941 0.5650623885918004 0.2667560321715818 0.5751633986928105 0.24396782841823056 0.5745692216280452 0.22654155495978553 0.5698158051099228 0.22117962466487937 0.5537730243612596 0.2158176943699732 0.5389185977421271 0.21983914209115282 0.5395127748068925 0.23726541554959785 0.5472370766488414 0.25067024128686327
0 0.542483660130719 0.3284182305630027 0.5490196078431373 0.3257372654155496 0.560308972073678 0.33646112600536193 0.5668449197860963 0.33109919571045576 0.5715983363042187 0.31233243967828417 0.572192513368984 0.29490616621983917 0.5668449197860963 0.28150134048257375 0.5493166963755199 0.28150134048257375 0.5395127748068925 0.27211796246648795 0.5317884729649436 0.2774798927613941 0.5317884729649436 0.29088471849865954 0.542483660130719 0.3284182305630027
0 0.5436720142602496 0.3833780160857909 0.542483660130719 0.4061662198391421 0.5799168152109329 0.435656836461126 0.5882352941176471 0.4249329758713137 0.5894236482471777 0.4155495978552279 0.5876411170528818 0.41152815013404825 0.5727866904337493 0.3941018766756032 0.5739750445632799 0.3766756032171582 0.5816993464052288 0.3632707774798928 0.5822935234699941 0.34316353887399464 0.5704099821746881 0.33378016085790885 0.5508021390374331 0.3351206434316354 0.5383244206773619 0.3297587131367292 0.5341651812240048 0.33646112600536193 0.5329768270944741 0.3552278820375335 0.5436720142602496 0.3833780160857909
0 0.5282234105763518 0.4075067024128686 0.5258467023172906 0.4195710455764075 0.5353535353535354 0.532171581769437 0.5430778371954843 0.5361930294906166 0.5430778371954843 0.514745308310992 0.5537730243612596 0.4932975871313673 0.5567439096850861 0.4973190348525469 0.5597147950089127 0.5214477211796247 0.5638740344622698 0.517426273458445 0.5638740344622698 0.5040214477211796 0.5585264408793821 0.4973190348525469 0.5537730243612596 0.47319034852546915 0.5585264408793821 0.45308310991957107 0.5573380867498515 0.43967828418230565 0.5531788472964944 0.4262734584450402 0.5448603683897801 0.4101876675603217 0.5383244206773619 0.40482573726541554 0.5329768270944741 0.3900804289544236 0.5252525252525253 0.39276139410187666 0.52465834818776 0.4008042895442359 0.5282234105763518 0.4075067024128686
0 0.46999405822935236 0.10589812332439678 0.46999405822935236 0.1126005361930295 0.47890671420083186 0.11528150134048258 0.47771836007130125 0.10857908847184987 0.4800950683303625 0.09785522788203753 0.4925727866904338 0.07104557640750671 0.5002970885323826 0.08445040214477212 0.5014854426619133 0.1193029490616622 0.5086155674390969 0.12198391420911528 0.5098039215686275 0.11528150134048258 0.5056446821152704 0.096514745308311 0.5080213903743316 0.07372654155495979 0.5044563279857398 0.045576407506702415 0.512774806892454 0.01876675603217158 0.512774806892454 0.0013404825737265416 0.5038621509209745 0 0.4985145573380868 0.0160857908847185 0.4925727866904338 0.022788203753351208 0.48484848484848486 0.04691689008042896 0.4824717765894237 0.06970509383378017 0.46999405822935236 0.10589812332439678
0 0.35056446821152704 0.3967828418230563 0.34521687462863937 0.38069705093833783 0.34402852049910876 0.3579088471849866 0.33927510398098637 0.3579088471849866 0.33986928104575165 0.3941018766756032 0.35056446821152704 0.3967828418230563
0 0.33808674985145576 0.3445040214477212 0.34284016636957815 0.34316353887399464 0.3493761140819965 0.31769436997319034 0.34699940582293526 0.2828418230563003 0.35353535353535354 0.24664879356568364 0.35056446821152704 0.22922252010723862 0.34165181224004754 0.2319034852546917 0.33927510398098637 0.25335120643431636 0.33511586452762926 0.2587131367292225 0.32798573975044565 0.30294906166219837 0.3256090314913844 0.3297587131367292 0.33808674985145576 0.3445040214477212
0 0.31431966726084376 0.4075067024128686 0.31194295900178254 0.4544235924932976 0.3226381461675579 0.45576407506702415 0.32501485442661915 0.4383378016085791 0.3226381461675579 0.4316353887399464 0.32679738562091504 0.3672922252010724 0.33630421865715987 0.3512064343163539 0.33511586452762926 0.339142091152815 0.32442067736185387 0.3284182305630027 0.32026143790849676 0.33109919571045576 0.31313131313131315 0.339142091152815 0.30421865715983365 0.35924932975871315 0.3018419489007724 0.3726541554959786 0.30124777183600715 0.3833780160857909 0.31431966726084376 0.4075067024128686
0 0.4563279857397505 0.2587131367292225 0.4812834224598931 0.18900804289544237 0.48068924539512775 0.1742627345844504 0.47771836007130125 0.16890080428954424 0.47177658942364825 0.17024128686327078 0.4682115270350565 0.1836461126005362 0.44800950683303625 0.2158176943699732 0.44919786096256686 0.23726541554959785 0.4563279857397505 0.2587131367292225
0 0.45513963161021986 0.2868632707774799 0.4682115270350565 0.28820375335120646 0.4753416518122401 0.28150134048257375 0.47771836007130125 0.2774798927613941 0.48068924539512775 0.2479892761394102 0.4913844325609032 0.22386058981233245 0.49079025549613786 0.20777479892761394 0.4812834224598931 0.2064343163538874 0.4557338086749852 0.257372654155496 0.453357100415924 0.2828418230563003 0.45513963161021986 0.2868632707774799
0 0.4575163398692811 0.32171581769436997 0.4634581105169341 0.32707774798927614 0.4693998811645871 0.3230563002680965 0.477124183006536 0.3257372654155496 0.4860368389780155 0.31769436997319034 0.4919786096256685 0.3042895442359249 0.4955436720142603 0.27479892761394104 0.49079025549613786 0.2680965147453083 0.4765300059417707 0.2855227882037534 0.45989304812834225 0.29356568364611263 0.45692216280451575 0.3002680965147453 0.4575163398692811 0.32171581769436997
0 0.4931669637551991 0.41420911528150134 0.4979203802733215 0.41152815013404825 0.5020796197266786 0.39276139410187666 0.4961378490790256 0.3873994638069705 0.4943553178847297 0.3739946380697051 0.4913844325609032 0.37533512064343166 0.489007724301842 0.386058981233244 0.489007724301842 0.4101876675603217 0.4931669637551991 0.41420911528150134
0 0.4919786096256685 0.33109919571045576 0.49079025549613786 0.3445040214477212 0.4943553178847297 0.3699731903485255 0.49673202614379086 0.35924932975871315 0.5032679738562091 0.35656836461126007 0.5145573380867499 0.39812332439678283 0.518716577540107 0.39812332439678283 0.518716577540107 0.38873994638069703 0.5133689839572193 0.3739946380697051 0.5109922756981581 0.3485254691689008 0.5115864527629234 0.339142091152815 0.5175282234105764 0.32439678284182305 0.5157456922162805 0.30563002680965146 0.5098039215686275 0.30160857908847183 0.5044563279857398 0.3096514745308311 0.4919786096256685 0.31501340482573725 0.4896019013666073 0.3230563002680965 0.4919786096256685 0.33109919571045576
0 0.447415329768271 0.42359249329758714 0.4319667260843732 0.45576407506702415 0.4426619132501486 0.4571045576407507 0.4563279857397505 0.44235924932975873 0.46286393345216875 0.4517426273458445 0.4646464646464647 0.4611260053619303 0.47593582887700536 0.4597855227882038 0.47890671420083186 0.3378016085790885 0.477124183006536 0.3297587131367292 0.45513963161021986 0.339142091152815 0.4438502673796792 0.3699731903485255 0.4426619132501486 0.39544235924932974 0.447415329768271 0.42359249329758714
0 0.42721330956625075 0.4932975871313673 0.41830065359477125 0.5710455764075067 0.40344622697563876 0.6085790884718498 0.40760546642899587 0.6260053619302949 0.41117052881758764 0.628686327077748 0.411764705882353 0.6058981233243967 0.42305407011289364 0.5844504021447722 0.42721330956625075 0.5670241286863271 0.43434343434343436 0.5683646112600537 0.43731431966726086 0.5750670241286864 0.4396910279263221 0.6193029490616622 0.4503862150920975 0.6246648793565683 0.4444444444444445 0.6058981233243967 0.43909685086155675 0.5268096514745308 0.44028520499108736 0.4932975871313673 0.44503862150920975 0.47319034852546915 0.43909685086155675 0.4597855227882038 0.43137254901960786 0.4597855227882038 0.4319667260843732 0.4745308310991957 0.42721330956625075 0.4932975871313673
0 0.39275103980986337 0.8927613941018767 0.39334521687462864 0.9101876675603218 0.39750445632798576 0.9128686327077749 0.39869281045751637 0.8900804289544236 0.41117052881758764 0.8659517426273459 0.417706476530006 0.8458445040214477 0.4218657159833631 0.8418230563002681 0.4278074866310161 0.8498659517426274 0.4319667260843732 0.868632707774799 0.4349376114081997 0.9075067024128687 0.4426619132501486 0.9101876675603218 0.4426619132501486 0.7386058981233244 0.44028520499108736 0.7319034852546917 0.4319667260843732 0.7319034852546917 0.40819964349376114 0.8136729222520107 0.40641711229946526 0.853887399463807 0.39275103980986337 0.8927613941018767