0 0.8895281933256617 0.21849865951742628 0.8849252013808976 0.2546916890080429 0.8895281933256617 0.2868632707774799 0.8889528193325662 0.2962466487935657 0.8866513233601842 0.30831099195710454 0.880897583429229 0.31769436997319034 0.8826237054085155 0.32171581769436997 0.8918296892980437 0.3203753351206434 0.8952819332566168 0.30831099195710454 0.9016110471806674 0.30160857908847183 0.8958573072497124 0.27479892761394104 0.904487917146145 0.23324396782841825 0.904487917146145 0.2131367292225201 0.8860759493670886 0.15415549597855227 0.8803222094361335 0.15281501340482573 0.8762945914844649 0.16085790884718498 0.8762945914844649 0.17828418230563003 0.8895281933256617 0.21849865951742628
0 0.6818181818181818 0.38069705093833783 0.6772151898734178 0.386058981233244 0.6812428078250863 0.3873994638069705 0.6858457997698504 0.39946380697050937 0.6789413118527042 0.41152815013404825 0.6927502876869965 0.4075067024128686 0.6892980437284235 0.39276139410187666 0.6846950517836594 0.38873994638069703 0.6829689298043728 0.3672922252010724 0.6783659378596087 0.36595174262734587 0.6818181818181818 0.3726541554959786 0.6818181818181818 0.38069705093833783
0 0.6772151898734178 0.32171581769436997 0.6789413118527042 0.33109919571045576 0.6777905638665133 0.34584450402144773 0.6858457997698504 0.3351206434316354 0.6956271576524741 0.34718498659517427 0.7013808975834293 0.3297587131367292 0.6996547756041427 0.3203753351206434 0.6783659378596087 0.2868632707774799 0.6760644418872267 0.27479892761394104 0.667433831990794 0.27479892761394104 0.6645569620253164 0.2922252010723861 0.6772151898734178 0.32171581769436997
0 0.6858457997698504 0.3699731903485255 0.6846950517836594 0.3766756032171582 0.6944764096662831 0.39946380697050937 0.7013808975834293 0.44235924932975873 0.7002301495972382 0.4597855227882038 0.6979286536248561 0.46246648793565687 0.7042577675489068 0.4664879356568365 0.6985040276179517 0.4839142091152815 0.7071346375143843 0.4865951742627346 0.7105868814729575 0.4772117962466488 0.7077100115074798 0.43967828418230565 0.716915995397008 0.4075067024128686 0.7174913693901036 0.3873994638069705 0.7100115074798619 0.37131367292225204 0.6939010356731876 0.3512064343163539 0.689873417721519 0.3378016085790885 0.6818181818181818 0.3418230563002681 0.6812428078250863 0.3512064343163539 0.6858457997698504 0.3699731903485255
0 0.6956271576524741 0.5455764075067024 0.6990794016110472 0.5710455764075067 0.6950517836593786 0.593833780160858 0.6950517836593786 0.6152815013404825 0.69102416570771 0.6474530831099196 0.6858457997698504 0.6501340482573726 0.6852704257767549 0.6581769436997319 0.6979286536248561 0.6581769436997319 0.7019562715765247 0.6112600536193029 0.7071346375143843 0.6085790884718498 0.716915995397008 0.6380697050938338 0.7203682393555811 0.6689008042895442 0.7255466052934407 0.6541554959785523 0.7197928653624857 0.6206434316353887 0.715765247410817 0.6099195710455764 0.7163406214039125 0.5589812332439679 0.7117376294591484 0.5308310991957105 0.6979286536248561 0.4865951742627346 0.69102416570771 0.48257372654155495 0.6864211737629459 0.4906166219839142 0.6892980437284235 0.5254691689008043 0.6956271576524741 0.5455764075067024
0 0.5863060989643268 0.6380697050938338 0.5909090909090909 0.7613941018766757 0.5983889528193326 0.7654155495978553 0.5995397008055235 0.7560321715817695 0.6110471806674338 0.7587131367292226 0.6127733026467204 0.7560321715817695 0.6121979286536249 0.7345844504021448 0.6093210586881473 0.725201072386059 0.6064441887226697 0.6943699731903485 0.6127733026467204 0.6675603217158177 0.6121979286536249 0.6514745308310992 0.5914844649021864 0.5844504021447722 0.5840046029919448 0.579088471849866 0.5799769850402762 0.5884718498659518 0.5817031070195627 0.6193029490616622 0.5863060989643268 0.6380697050938338
0 0.5345224395857308 0.47989276139410186 0.5391254315304949 0.5120643431635389 0.5327963176064442 0.5428954423592494 0.5373993095512083 0.5388739946380697 0.5454545454545454 0.5509383378016086 0.5454545454545454 0.5630026809651475 0.5500575373993095 0.564343163538874 0.5523590333716916 0.5576407506702413 0.5500575373993095 0.517426273458445 0.5581127733026467 0.5053619302949062 0.5724971231300345 0.5335120643431636 0.5771001150747986 0.5536193029490617 0.5811277330264673 0.5563002680965148 0.5840046029919448 0.5522788203753352 0.5840046029919448 0.546916890080429 0.569620253164557 0.5120643431635389 0.5678941311852704 0.5013404825737265 0.570771001150748 0.4664879356568365 0.5678941311852704 0.45308310991957107 0.5569620253164557 0.4436997319034853 0.5466052934407365 0.44906166219839144 0.5362485615650172 0.4436997319034853 0.5304948216340621 0.44906166219839144 0.5293440736478712 0.4638069705093834 0.5345224395857308 0.47989276139410186
0 0.5546605293440736 0.3699731903485255 0.5575373993095513 0.3914209115281501 0.5535097813578826 0.43967828418230565 0.5575373993095513 0.435656836461126 0.5615650172612198 0.4075067024128686 0.567318757192175 0.39544235924932974 0.571921749136939 0.3941018766756032 0.5753739930955121 0.40214477211796246 0.5776754890678941 0.42761394101876676 0.5891829689298044 0.43297587131367293 0.5914844649021864 0.45308310991957107 0.5995397008055235 0.44906166219839144 0.6029919447640967 0.43297587131367293 0.5926352128883774 0.4222520107238606 0.5868814729574223 0.40482573726541554 0.5897583429228999 0.3900804289544236 0.5978135788262371 0.3766756032171582 0.5983889528193326 0.3605898123324397 0.5851553509781358 0.34584450402144773 0.5701956271576525 0.3485254691689008 0.5604142692750288 0.339142091152815 0.5517836593785961 0.34584450402144773 0.5500575373993095 0.35924932975871315 0.5546605293440736 0.3699731903485255
0 0.5558112773302647 0.3324396782841823 0.567318757192175 0.3445040214477212 0.5822784810126582 0.3445040214477212 0.5886075949367089 0.32439678284182305 0.5874568469505178 0.30563002680965146 0.5817031070195627 0.29490616621983917 0.5638665132336018 0.2962466487935657 0.5586881472957422 0.30160857908847183 0.5569620253164557 0.289544235924933 0.5535097813578826 0.2855227882037534 0.549482163406214 0.289544235924933 0.549482163406214 0.30294906166219837 0.5558112773302647 0.3324396782841823
0 0.5621403912543153 0.2546916890080429 0.5655926352128884 0.2680965147453083 0.5644418872266973 0.29088471849865954 0.5874568469505178 0.29088471849865954 0.5960874568469505 0.30294906166219837 0.5983889528193326 0.32171581769436997 0.6012658227848101 0.31769436997319034 0.6035673187571922 0.29758713136729226 0.5891829689298044 0.2801608579088472 0.593210586881473 0.24932975871313673 0.5920598388952819 0.23726541554959785 0.5817031070195627 0.22788203753351208 0.5615650172612198 0.2225201072386059 0.5552359033371692 0.23056300268096516 0.5552359033371692 0.24396782841823056 0.5621403912543153 0.2546916890080429
0 0.5960874568469505 0.30160857908847183 0.596662830840046 0.3163538873994638 0.6001150747986191 0.3203753351206434 0.6035673187571922 0.2962466487935657 0.595512082853855 0.29490616621983917 0.5926352128883774 0.289544235924933 0.5903337169159953 0.2922252010723861 0.5960874568469505 0.30160857908847183
0 0.5690448791714614 0.2064343163538874 0.5788262370540852 0.22788203753351208 0.5909090909090909 0.2359249329758713 0.595512082853855 0.2453083109919571 0.5960874568469505 0.22654155495978553 0.593210586881473 0.2064343163538874 0.570771001150748 0.17024128686327078 0.5638665132336018 0.1742627345844504 0.5632911392405063 0.1863270777479893 0.5690448791714614 0.2064343163538874
0 0.31070195627157654 0.41823056300268097 0.31242807825086305 0.4410187667560322 0.311277330264672 0.4705093833780161 0.32163406214039125 0.4745308310991957 0.3204833141542002 0.45844504021447724 0.3245109321058688 0.4517426273458445 0.31990794016110474 0.4477211796246649 0.3176064441887227 0.43297587131367293 0.31990794016110474 0.4101876675603217 0.3187571921749137 0.3941018766756032 0.32163406214039125 0.3766756032171582 0.33084004602991945 0.36193029490616624 0.33141542002301494 0.34986595174262736 0.33716915995397007 0.32707774798927614 0.33601841196777904 0.3190348525469169 0.32681242807825084 0.3163538873994638 0.30264672036823936 0.3726541554959786 0.3020713463751438 0.3833780160857909 0.31070195627157654 0.41823056300268097
0 0.32623705408515535 0.39946380697050937 0.32623705408515535 0.4075067024128686 0.3319907940161105 0.41420911528150134 0.33256616800920596 0.38873994638069703 0.3475258918296893 0.34986595174262736 0.34982738780207134 0.34986595174262736 0.3521288837744534 0.3632707774798928 0.3532796317606444 0.4075067024128686 0.3630609896432681 0.41152815013404825 0.35558112773302647 0.38471849865951746 0.35558112773302647 0.3512064343163539 0.3578826237054085 0.339142091152815 0.358457997698504 0.30294906166219837 0.3676639815880322 0.2587131367292225 0.36478711162255467 0.24396782841823056 0.35903337169159955 0.24128686327077747 0.35558112773302647 0.24664879356568364 0.3440736478711162 0.2868632707774799 0.3383199079401611 0.3190348525469169 0.3377445339470656 0.35254691689008044 0.32623705408515535 0.39946380697050937
0 0.39298043728423476 0.30294906166219837 0.3941311852704258 0.3163538873994638 0.3912543153049482 0.35924932975871315 0.40218642117376296 0.3632707774798928 0.403337169159954 0.35924932975871315 0.3998849252013809 0.35254691689008044 0.3998849252013809 0.3445040214477212 0.4039125431530495 0.339142091152815 0.3993095512082854 0.3297587131367292 0.404487917146145 0.30294906166219837 0.4039125431530495 0.2761394101876676 0.4159953970080552 0.23726541554959785 0.41714614499424624 0.21715817694369974 0.41369390103567316 0.20911528150134048 0.40736478711162255 0.20911528150134048 0.40276179516685845 0.22788203753351208 0.38550057537399307 0.26273458445040215 0.38434982738780205 0.2761394101876676 0.39298043728423476 0.30294906166219837
0 0.44591484464902187 0.693029490616622 0.4470655926352129 0.6675603217158177 0.46490218642117376 0.6327077747989276 0.4718066743383199 0.6501340482573726 0.4735327963176064 0.7010723860589813 0.48504027617951667 0.7010723860589813 0.4810126582278481 0.6943699731903485 0.4798619102416571 0.561662198391421 0.48388952819332565 0.5442359249329759 0.48388952819332565 0.5268096514745308 0.4815880322209436 0.5214477211796247 0.47410817031070196 0.5254691689008043 0.4660529344073648 0.5509383378016086 0.45569620253164556 0.593833780160858 0.45512082853855007 0.6166219839142091 0.45051783659378597 0.6407506702412868 0.43843498273878023 0.67828418230563 0.43843498273878023 0.6863270777479893 0.44591484464902187 0.693029490616622
0 0.3895281933256617 0.7506702412868633 0.3993095512082854 0.754691689008043 0.3970080552359033 0.7426273458445041 0.3998849252013809 0.7292225201072386 0.4108170310701956 0.7091152815013405 0.4154200230149597 0.6876675603217158 0.4188722669735328 0.6876675603217158 0.4234752589182969 0.6903485254691689 0.42577675489067895 0.7037533512064343 0.42692750287687 0.7439678284182306 0.43210586881472957 0.7493297587131368 0.43958573072497126 0.7479892761394102 0.4326812428078251 0.7278820375335121 0.4315304948216341 0.6541554959785523 0.44188722669735325 0.5951742627345845 0.44016110471806674 0.5804289544235925 0.43037974683544306 0.5804289544235925 0.4079401611047181 0.6554959785522788 0.403337169159954 0.7037533512064343 0.38837744533947066 0.7372654155495979 0.38722669735327964 0.7453083109919572 0.3895281933256617 0.7506702412868633
0 0.4614499424626007 0.4785522788203753 0.4533947065592635 0.4906166219839142 0.452819332566168 0.4973190348525469 0.46375143843498273 0.5053619302949062 0.4654775604142693 0.5040214477211796 0.46317606444188725 0.4932975871313673 0.46490218642117376 0.4812332439678284 0.47583429228998847 0.4772117962466488 0.476409666283084 0.48257372654155495 0.4810126582278481 0.4839142091152815 0.4873417721518987 0.47989276139410186 0.48331415420023016 0.47319034852546915 0.4810126582278481 0.4597855227882038 0.48331415420023016 0.44906166219839144 0.4827387802071346 0.4195710455764075 0.4919447640966628 0.38069705093833783 0.4896432681242808 0.3552278820375335 0.4769850402761795 0.3579088471849866 0.46950517836593786 0.36595174262734587 0.4579976985040276 0.4008042895442359 0.4660529344073648 0.4597855227882038 0.4614499424626007 0.4785522788203753
0 0.4735327963176064 0.27882037533512066 0.4798619102416571 0.2707774798927614 0.4982738780207135 0.2640750670241287 0.5017261219792866 0.2546916890080429 0.5086306098964327 0.25335120643431636 0.5109321058688148 0.24664879356568364 0.5080552359033371 0.23726541554959785 0.501150747986191 0.23726541554959785 0.47295742232451093 0.257372654155496 0.4712313003452244 0.27479892761394104 0.4735327963176064 0.27882037533512066
0 0.4735327963176064 0.3418230563002681 0.4798619102416571 0.3485254691689008 0.4919447640966628 0.33109919571045576 0.4873417721518987 0.32707774798927614 0.48676639815880324 0.3042895442359249 0.5074798619102416 0.2922252010723861 0.5120828538550057 0.27882037533512066 0.5126582278481012 0.2640750670241287 0.5086306098964327 0.25603217158176944 0.5017261219792866 0.2546916890080429 0.4942462600690449 0.2680965147453083 0.48216340621403914 0.2707774798927614 0.475258918296893 0.27882037533512066 0.47871116225546606 0.31233243967828417 0.4735327963176064 0.3418230563002681
0 0.4873417721518987 0.3378016085790885 0.4942462600690449 0.3418230563002681 0.5172612197928653 0.3230563002680965 0.5230149597238205 0.3109919571045576 0.523590333716916 0.2962466487935657 0.5195627157652474 0.2868632707774799 0.5149597238204833 0.2868632707774799 0.507096087456847 0.29490616621983917 0.4890678941311853 0.2989276139410188 0.48216340621403914 0.3109919571045576 0.4815880322209436 0.3163538873994638 0.4873417721518987 0.3378016085790885
0 0.5138089758342923 0.3820375335120644 0.522439585730725 0.3873994638069705 0.5247410817031071 0.3967828418230563 0.5230149597238205 0.41823056300268097 0.5327963176064442 0.4195710455764075 0.5333716915995397 0.4101876675603217 0.5264672036823935 0.3632707774798928 0.5339470655926352 0.34048257372654156 0.5333716915995397 0.3203753351206434 0.525891829689298 0.3163538873994638 0.523590333716916 0.3230563002680965 0.5080552359033371 0.33646112600536193 0.5103567318757192 0.3726541554959786 0.5138089758342923 0.3820375335120644