0 0.7091267235718975 0.4632258064516129 0.7078135259356533 0.5083870967741936 0.7025607353906762 0.5148387096774194 0.706500328299409 0.5174193548387097 0.7097833223900196 0.5329032258064517 0.7202889034799737 0.5316129032258065 0.7196323046618516 0.49290322580645163 0.7275114904793171 0.46064516129032257 0.7275114904793171 0.447741935483871 0.7091267235718975 0.4206451612903226 0.7025607353906762 0.40516129032258064 0.6992777413000656 0.4038709677419355 0.6946815495732107 0.41161290322580646 0.6927117531188444 0.4180645161290323 0.7091267235718975 0.4632258064516129
0 0.6992777413000656 0.48129032258064514 0.7071569271175311 0.4735483870967742 0.706500328299409 0.45806451612903226 0.7012475377544319 0.447741935483871 0.7025607353906762 0.45806451612903226 0.6992777413000656 0.48129032258064514
0 0.7005909389363099 0.3832258064516129 0.6999343401181878 0.3987096774193548 0.7097833223900196 0.41935483870967744 0.7137229152987524 0.40258064516129033 0.7143795141168745 0.35096774193548386 0.7091267235718975 0.32387096774193547 0.7019041365725541 0.3225806451612903 0.6979645436638213 0.33419354838709675 0.695994747209455 0.3664516129032258 0.7005909389363099 0.3832258064516129
0 0.5732107682206171 0.1858064516129032 0.5718975705843728 0.2167741935483871 0.5738673670387393 0.22838709677419355 0.5679579776756402 0.26064516129032256 0.5758371634931057 0.25806451612903225 0.5810899540380827 0.2232258064516129 0.5837163493105711 0.22193548387096773 0.5935653315824031 0.2335483870967742 0.6001313197636243 0.24645161290322581 0.6007879185817465 0.25548387096774194 0.6040709126723571 0.2541935483870968 0.6060407091267235 0.24516129032258063 0.5850295469468154 0.17548387096774193 0.5718975705843728 0.14580645161290323 0.567301378857518 0.14451612903225808 0.567301378857518 0.1625806451612903 0.5732107682206171 0.1858064516129032
0 0.47340774786605383 0.21935483870967742 0.4740643466841759 0.23741935483870968 0.4780039395929087 0.23741935483870968 0.4806303348653972 0.2335483870967742 0.4858831254103742 0.17935483870967742 0.49179251477347335 0.1625806451612903 0.4911359159553512 0.14451612903225808 0.48391332895600786 0.1432258064516129 0.47012475377544316 0.17806451612903226 0.46815495732107676 0.19483870967741934 0.47340774786605383 0.21935483870967742
0 0.5462902166776099 0.3445161290322581 0.5462902166776099 0.36129032258064514 0.5627051871306631 0.37032258064516127 0.572554169402495 0.36516129032258066 0.5764937623112278 0.35096774193548386 0.572554169402495 0.3303225806451613 0.5476034143138542 0.30709677419354836 0.5430072225869993 0.30709677419354836 0.5377544320420223 0.31483870967741934 0.5370978332239001 0.32387096774193547 0.5462902166776099 0.3445161290322581
0 0.5364412344057781 0.3858064516129032 0.5430072225869993 0.40258064516129033 0.5508864084044648 0.4012903225806452 0.5574523965856861 0.41161290322580646 0.5738673670387393 0.3870967741935484 0.5686145764937622 0.37290322580645163 0.551543007222587 0.36516129032258066 0.5403808273145108 0.36774193548387096 0.5357846355876559 0.35870967741935483 0.531188443860801 0.35870967741935483 0.5292186474064347 0.3793548387096774 0.5364412344057781 0.3858064516129032
0 0.5193696651346027 0.43483870967741933 0.5121470781352593 0.46064516129032257 0.5279054497701904 0.4838709677419355 0.5357846355876559 0.48516129032258065 0.5357846355876559 0.4735483870967742 0.5384110308601444 0.4696774193548387 0.5384110308601444 0.4038709677419355 0.51543007222587 0.3858064516129032 0.5101772816808929 0.3935483870967742 0.5095206828627709 0.4064516129032258 0.5193696651346027 0.43483870967741933
0 0.5449770190413656 0.4258064516129032 0.5430072225869993 0.44903225806451613 0.5449770190413656 0.45161290322580644 0.5443204202232436 0.4696774193548387 0.5502298095863427 0.5238709677419355 0.5456336178594878 0.5316129032258065 0.5574523965856861 0.5329032258064517 0.5679579776756402 0.5251612903225806 0.5732107682206171 0.5406451612903226 0.577806959947472 0.5419354838709678 0.577806959947472 0.5316129032258065 0.5692711753118844 0.5006451612903225 0.5764937623112278 0.4645161290322581 0.5732107682206171 0.4425806451612903 0.567301378857518 0.4296774193548387 0.5561391989494419 0.4180645161290323 0.5521996060407091 0.4038709677419355 0.5462902166776099 0.4012903225806452 0.5430072225869993 0.40516129032258064 0.5403808273145108 0.41419354838709677 0.5449770190413656 0.4258064516129032
0 0.5699277741300065 0.632258064516129 0.5705843729481287 0.655483870967742 0.5653315824031516 0.6838709677419355 0.5607353906762967 0.6916129032258065 0.5712409717662508 0.6903225806451613 0.5745239658568614 0.6606451612903226 0.5843729481286933 0.6477419354838709 0.6001313197636243 0.68 0.5988181221273802 0.6980645161290323 0.6027577150361129 0.6980645161290323 0.6093237032173342 0.6812903225806451 0.5961917268548916 0.655483870967742 0.5863427445830597 0.6025806451612903 0.5850295469468154 0.5793548387096774 0.5797767564018385 0.5612903225806452 0.5791201575837163 0.5458064516129032 0.5738673670387393 0.5432258064516129 0.5666447800393959 0.5496774193548387 0.5738673670387393 0.6064516129032258 0.5699277741300065 0.632258064516129
0 0.5397242284963887 0.8025806451612904 0.541694024950755 0.8206451612903226 0.5403808273145108 0.9264516129032258 0.5357846355876559 0.9341935483870968 0.5489166119500984 0.9316129032258065 0.5502298095863427 0.8864516129032258 0.5600787918581747 0.8787096774193548 0.5764937623112278 0.9135483870967742 0.5784635587655942 0.9380645161290323 0.582403151674327 0.9393548387096774 0.5869993434011819 0.9238709677419354 0.572554169402495 0.8864516129032258 0.5686145764937622 0.847741935483871 0.5574523965856861 0.8025806451612904 0.5462902166776099 0.7716129032258064 0.5370978332239001 0.7716129032258064 0.5351280367695338 0.7896774193548387 0.5397242284963887 0.8025806451612904
0 0.397242284963887 0.9058064516129032 0.386736703873933 0.9561290322580646 0.397242284963887 0.9574193548387097 0.3939592908732764 0.944516129032258 0.3985554826001313 0.9290322580645162 0.4038082731451083 0.9251612903225807 0.40774786605384106 0.9354838709677419 0.41628365068942874 0.9329032258064516 0.41168745896257386 0.9264516129032258 0.42153644123440576 0.8270967741935484 0.4254760341431385 0.8206451612903226 0.42481943532501637 0.8038709677419354 0.4221930400525279 0.7987096774193548 0.4156270518713066 0.8 0.38936309914642153 0.8464516129032258 0.38542350623768873 0.8593548387096774 0.386736703873933 0.8838709677419355 0.397242284963887 0.9058064516129032
0 0.4340118187787262 0.567741935483871 0.4405778069599474 0.5741935483870968 0.45305318450426785 0.5767741935483871 0.45502298095863425 0.5870967741935483 0.4661851608667104 0.5858064516129032 0.4688115561391989 0.45548387096774196 0.46158896913985553 0.4464516129032258 0.4556795797767564 0.4464516129032258 0.44583059750492443 0.4735483870967742 0.4425476034143138 0.4941935483870968 0.44583059750492443 0.5212903225806451 0.4340118187787262 0.567741935483871
0 0.43860801050558107 0.5006451612903225 0.4445173998686802 0.4838709677419355 0.4418910045961917 0.48 0.4353250164149704 0.4864516129032258 0.43860801050558107 0.5006451612903225
0 0.44977019041365723 0.4593548387096774 0.46158896913985553 0.447741935483871 0.46815495732107676 0.45548387096774196 0.47012475377544316 0.46580645161290324 0.4773473407747866 0.46838709677419355 0.48391332895600786 0.4425806451612903 0.4780039395929087 0.42838709677419357 0.47012475377544316 0.42451612903225805 0.4563361785948785 0.4232258064516129 0.44780039395929083 0.4309677419354839 0.44583059750492443 0.4464516129032258 0.44977019041365723 0.4593548387096774
0 0.4491135915955351 0.4180645161290323 0.4491135915955351 0.4258064516129032 0.4806303348653972 0.4012903225806452 0.49835850295469464 0.37290322580645163 0.495075508864084 0.35870967741935483 0.4707813525935653 0.3548387096774194 0.46224556795797767 0.3548387096774194 0.4569927774130006 0.36774193548387096 0.4556795797767564 0.40774193548387094 0.4491135915955351 0.4180645161290323
0 0.44583059750492443 0.35870967741935483 0.44780039395929083 0.3690322580645161 0.45042678923177937 0.3690322580645161 0.45108338804990145 0.3548387096774194 0.4661851608667104 0.31483870967741934 0.4760341431385423 0.3251612903225806 0.47997373604727506 0.3548387096774194 0.48391332895600786 0.3548387096774194 0.4760341431385423 0.28258064516129033 0.4832567301378857 0.24387096774193548 0.4806303348653972 0.23870967741935484 0.47340774786605383 0.24 0.464215364412344 0.2593548387096774 0.458962573867367 0.28516129032258064 0.4556795797767564 0.3251612903225806 0.44583059750492443 0.35870967741935483
0 0.34734077478660536 0.38064516129032255 0.34537097833223895 0.4038709677419355 0.3479973736047275 0.41161290322580646 0.34537097833223895 0.4180645161290323 0.35062376887721597 0.42193548387096774 0.35390676296782664 0.3419354838709677 0.36112934996717005 0.32387096774193547 0.3650689428759028 0.3032258064516129 0.36375574523965853 0.2954838709677419 0.3565331582403151 0.29419354838709677 0.3342087984241628 0.3432258064516129 0.3328956007879186 0.3664516129032258 0.34734077478660536 0.38064516129032255
0 0.211424819435325 0.36516129032258066 0.21667760998030203 0.3664516129032258 0.21733420879842413 0.3367741935483871 0.21339461588969139 0.3393548387096774 0.21011162179908074 0.35870967741935483 0.211424819435325 0.36516129032258066
0 0.21470781352593563 0.3329032258064516 0.22390019697964542 0.3329032258064516 0.22652659225213392 0.327741935483871 0.22718319107025606 0.2709677419354839 0.23243598161523307 0.23483870967741935 0.2304661851608667 0.22193548387096773 0.22390019697964542 0.22064516129032258 0.22193040052527904 0.22451612903225807 0.21208141825344712 0.26838709677419353 0.211424819435325 0.29935483870967744 0.21470781352593563 0.3329032258064516
0 0.32829940906106364 0.4503225806451613 0.3263296126066973 0.4916129032258065 0.3348653972422849 0.49806451612903224 0.33223900196979644 0.48774193548387096 0.3348653972422849 0.47483870967741937 0.33749179251477346 0.4735483870967742 0.34208798424162834 0.40516129032258064 0.3479973736047275 0.3741935483870968 0.3466841759684832 0.36258064516129035 0.3381483913328956 0.36258064516129035 0.32042022324359815 0.40903225806451615 0.3191070256073539 0.4258064516129032 0.32829940906106364 0.4503225806451613
0 0.3177938279711096 0.6116129032258064 0.31319763624425473 0.6374193548387097 0.30860144451739985 0.6464516129032258 0.3099146421536441 0.6606451612903226 0.31385423506237686 0.6683870967741935 0.3164806303348654 0.6670967741935484 0.31582403151674326 0.6490322580645161 0.32567301378857516 0.6425806451612903 0.3296126066973079 0.6606451612903226 0.3414313854235062 0.6606451612903226 0.3315824031516743 0.6425806451612903 0.32698621142481943 0.5870967741935483 0.32698621142481943 0.5767741935483871 0.3381483913328956 0.5251612903225806 0.3381483913328956 0.5148387096774194 0.3348653972422849 0.5070967741935484 0.32698621142481943 0.5109677419354839 0.3243598161523309 0.5264516129032258 0.3171372291529875 0.5445161290322581 0.31188443860801046 0.5767741935483871 0.31516743269862113 0.6064516129032258 0.3177938279711096 0.6116129032258064
0 0.011818778726198291 0.632258064516129 0.017728168089297437 0.6625806451612903 0.018384766907419567 0.6787096774193548 0.015101772816808929 0.7006451612903226 0.01969796454366382 0.7070967741935484 0.028890347997373604 0.7083870967741935 0.028890347997373604 0.7006451612903226 0.03348653972422849 0.6916129032258065 0.024294156270518712 0.6825806451612904 0.024294156270518712 0.6683870967741935 0.030203545633617858 0.6464516129032258 0.030860144451739985 0.6116129032258064 0.03808273145108339 0.5690322580645162 0.04399212081418253 0.5638709677419355 0.0433355219960604 0.5496774193548387 0.03808273145108339 0.5432258064516129 0.030860144451739985 0.5445161290322581 0.013788575180564673 0.5767741935483871 0.005252790544977019 0.6025806451612903 0.004596191726854892 0.6219354838709678 0.011818778726198291 0.632258064516129