0 0.9511400651465799 0.2446657183499289 0.9563517915309446 0.2532005689900427 0.9576547231270359 0.2631578947368421 0.9524429967426711 0.28591749644381226 0.9563517915309446 0.33428165007112376 0.9543973941368079 0.3428165007112376 0.9583061889250815 0.34708392603129445 0.9687296416938111 0.33428165007112376 0.9765472312703584 0.35135135135135137 0.9693811074918567 0.3655761024182077 0.9824104234527687 0.3655761024182077 0.9843648208469056 0.3556187766714083 0.9804560260586319 0.3385490753911807 0.9771986970684039 0.2972972972972973 0.9804560260586319 0.267425320056899 0.9837133550488599 0.26458036984352773 0.9856677524429968 0.22617354196301565 0.9693811074918567 0.16216216216216217 0.9596091205211726 0.16216216216216217 0.9557003257328991 0.17354196301564723 0.9589576547231271 0.22759601706970128 0.9511400651465799 0.2446657183499289
0 0.6071661237785017 0.32147937411095306 0.61628664495114 0.4310099573257468 0.6143322475570033 0.4366998577524894 0.6273615635179154 0.438122332859175 0.6299674267100978 0.44807965860597443 0.6247557003257329 0.4694167852062589 0.6260586319218241 0.4722617354196302 0.6364820846905538 0.4694167852062589 0.6384364820846906 0.46230440967283076 0.6299674267100978 0.41251778093883357 0.6371335504885994 0.39687055476529165 0.6429967426710098 0.37268847795163584 0.641042345276873 0.3584637268847795 0.6156351791530945 0.2901849217638691 0.6091205211726385 0.28591749644381226 0.6019543973941368 0.2958748221906117 0.6013029315960913 0.3143669985775249 0.6071661237785017 0.32147937411095306
0 0.6840390879478828 0.5177809388335705 0.6840390879478828 0.5291607396870555 0.6879478827361564 0.5405405405405406 0.6892508143322476 0.5775248933143671 0.6866449511400652 0.5945945945945946 0.6801302931596092 0.6017069701280228 0.6938110749185669 0.6073968705547653 0.6970684039087948 0.604551920341394 0.6970684039087948 0.5903271692745378 0.7009771986970684 0.5817923186344239 0.6957654723127036 0.55049786628734 0.7081433224755701 0.4864864864864865 0.7016286644951141 0.438122332859175 0.6938110749185669 0.4139402560455192 0.69185667752443 0.39829302987197723 0.6840390879478828 0.39260312944523473 0.6768729641693811 0.4039829302987198 0.6912052117263844 0.4765291607396871 0.6840390879478828 0.5177809388335705
0 0.573941368078176 0.3613086770981508 0.5843648208469056 0.3613086770981508 0.5869706840390879 0.3570412517780939 0.5863192182410424 0.32574679943101 0.5811074918566775 0.30440967283072545 0.5941368078175896 0.2716927453769559 0.593485342019544 0.25889046941678523 0.5693811074918567 0.19203413940256048 0.5628664495114006 0.1891891891891892 0.5583061889250814 0.19630156472261737 0.5570032573289903 0.21337126600284495 0.573941368078176 0.3613086770981508
0 0.4358306188925082 0.1678520625889047 0.42996742671009774 0.1763869132290185 0.4364820846905538 0.17780938833570414 0.44169381107491856 0.1891891891891892 0.4403908794788274 0.21337126600284495 0.4436482084690554 0.2631578947368421 0.4390879478827362 0.2716927453769559 0.44951140065146583 0.27596017069701284 0.45798045602605864 0.26031294452347087 0.45537459283387627 0.20910384068278806 0.46058631921824106 0.17496443812233287 0.45993485342019547 0.15078236130867712 0.45732899022801304 0.12375533428165007 0.4469055374592834 0.09103840682788052 0.4403908794788274 0.09103840682788052 0.4358306188925082 0.10099573257467995 0.4390879478827362 0.15149359886201993 0.4358306188925082 0.1678520625889047
0 0.36482084690553745 0.1251778093883357 0.3654723127035831 0.13798008534850642 0.37198697068403913 0.12944523470839261 0.37980456026058634 0.13513513513513514 0.3654723127035831 0.06401137980085349 0.36026058631921826 0.05832147937411095 0.3537459283387622 0.06401137980085349 0.35309446254071664 0.08392603129445235 0.36482084690553745 0.1251778093883357
0 0.3706840390879479 0.2233285917496444 0.37980456026058634 0.23044096728307256 0.3811074918566775 0.2147937411095306 0.3895765472312704 0.20625889046941678 0.39087947882736157 0.22759601706970128 0.3973941368078176 0.26031294452347087 0.4013029315960912 0.26458036984352773 0.3947882736156352 0.1678520625889047 0.38697068403908796 0.14509246088193456 0.3771986970684039 0.1337126600284495 0.3726384364820847 0.13086770981507825 0.3661237785016287 0.13940256045519203 0.3654723127035831 0.1593172119487909 0.3706840390879479 0.2233285917496444
0 0.3921824104234528 0.32432432432432434 0.390228013029316 0.3627311522048364 0.3980456026058632 0.3556187766714083 0.40195439739413685 0.3328591749644381 0.41433224755700326 0.352773826458037 0.4247557003257329 0.33712660028449504 0.42866449511400656 0.30298719772403987 0.42866449511400656 0.28876244665718354 0.42540716612377855 0.2802275960170697 0.4 0.26884779516358465 0.38306188925081436 0.2745376955903272 0.37915309446254075 0.28165007112375534 0.38045602605863194 0.30867709815078237 0.3921824104234528 0.32432432432432434
0 0.3921824104234528 0.39260312944523473 0.4006514657980456 0.39829302987197723 0.4045602605863192 0.4167852062588905 0.3960912052117264 0.4694167852062589 0.4045602605863192 0.4594594594594595 0.41107491856677525 0.4423897581792319 0.4130293159609121 0.4210526315789474 0.41824104234527687 0.4238975817923187 0.43387622149837135 0.4765291607396871 0.45211726384364825 0.4722617354196302 0.46058631921824106 0.4523470839260313 0.4592833876221499 0.4466571834992888 0.4403908794788274 0.4295874822190612 0.4462540716612378 0.3812233285917497 0.4241042345276873 0.3442389758179232 0.41824104234527687 0.34708392603129445 0.41498371335504886 0.36415362731152207 0.40586319218241046 0.36699857752489334 0.3973941368078176 0.3570412517780939 0.3928338762214984 0.3627311522048364 0.39087947882736157 0.3712660028449502 0.3921824104234528 0.39260312944523473
0 0.40390879478827363 0.5049786628733998 0.4169381107491857 0.5149359886201992 0.42866449511400656 0.5405405405405406 0.4397394136807818 0.5775248933143671 0.44169381107491856 0.6059743954480797 0.45276872964169385 0.6017069701280228 0.45537459283387627 0.5647226173541964 0.46840390879478827 0.5718349928876245 0.4703583061889251 0.5860597439544808 0.4742671009771987 0.5874822190611665 0.47687296416938113 0.5647226173541964 0.45342019543973944 0.5490753911806544 0.45602605863192186 0.49786628733997157 0.4514657980456026 0.4864864864864865 0.4319218241042345 0.47795163584637274 0.4175895765472313 0.48079658605974396 0.41107491856677525 0.4736842105263158 0.40260586319218244 0.4793741109530583 0.4013029315960912 0.49217638691322907 0.40390879478827363 0.5049786628733998
0 0.4944625407166124 0.6742532005689901 0.5003257328990228 0.6884779516358464 0.5074918566775245 0.716927453769559 0.5074918566775245 0.7411095305832148 0.5042345276872965 0.7539118065433855 0.504885993485342 0.7766714082503556 0.5127035830618892 0.7880512091038407 0.5133550488599349 0.8051209103840683 0.504885993485342 0.8278805120910384 0.5120521172638437 0.8293029871977241 0.5153094462540717 0.8435277382645804 0.5100977198697069 0.8520625889046942 0.5257328990228013 0.8534850640113798 0.5224755700325733 0.7894736842105263 0.5322475570032573 0.748221906116643 0.5368078175895765 0.7425320056899004 0.5368078175895765 0.7112375533428166 0.5179153094462541 0.6714082503556188 0.5074918566775245 0.6571834992887625 0.501628664495114 0.6401137980085349 0.4944625407166124 0.6401137980085349 0.4892508143322476 0.6529160739687055 0.4905537459283388 0.6728307254623045 0.4944625407166124 0.6742532005689901
0 0.3472312703583062 0.7539118065433855 0.3472312703583062 0.7624466571834994 0.3439739413680782 0.7894736842105263 0.3244299674267101 0.8449502133712661 0.3244299674267101 0.8520625889046942 0.3276872964169381 0.8591749644381224 0.3387622149837134 0.8591749644381224 0.33680781758957656 0.8321479374110954 0.36026058631921826 0.7709815078236131 0.36807817589576547 0.7724039829302988 0.3706840390879479 0.7780938833570413 0.3726384364820847 0.8463726884779517 0.3856677524429968 0.8477951635846374 0.38241042345276877 0.8349928876244667 0.3785016286644951 0.7012802275960172 0.38241042345276877 0.6685633001422475 0.38762214983713356 0.6557610241820768 0.3889250814332248 0.6401137980085349 0.3863192182410424 0.6287339971550499 0.37980456026058634 0.6258890469416786 0.3745928338762215 0.6330014224751067 0.3706840390879479 0.6557610241820768 0.3622149837133551 0.6699857752489332 0.3452768729641694 0.7311522048364154 0.3433224755700326 0.748221906116643 0.3472312703583062 0.7539118065433855
0 0.298371335504886 0.49075391180654343 0.2996742671009772 0.5291607396870555 0.29120521172638436 0.5576102418207681 0.30749185667752443 0.5647226173541964 0.30944625407166126 0.5604551920341394 0.3035830618892508 0.55049786628734 0.31009771986970686 0.5362731152204837 0.3218241042345277 0.539118065433855 0.3250814332247557 0.5334281650071124 0.31791530944625407 0.523470839260313 0.3205211726384365 0.5035561877667141 0.31791530944625407 0.4665718349928876 0.3218241042345277 0.45519203413940257 0.33029315960912053 0.44523470839260315 0.33289902280130296 0.42816500711237554 0.3387622149837134 0.41536273115220484 0.339413680781759 0.4039829302987198 0.33224755700325737 0.39687055476529165 0.3198697068403909 0.39687055476529165 0.3042345276872964 0.42247510668563304 0.28729641693811075 0.4366998577524894 0.28599348534201957 0.46514935988620204 0.298371335504886 0.49075391180654343
0 0.020195439739413682 0.4395448079658606 0.020195439739413682 0.4893314366998578 0.03322475570032574 0.49359886201991465 0.035830618892508145 0.49075391180654343 0.03452768729641694 0.48364153627311524 0.03908794788273616 0.47083926031294454 0.033876221498371335 0.46514935988620204 0.03517915309446254 0.3613086770981508 0.04299674267100977 0.3129445234708393 0.04299674267100977 0.30156472261735423 0.03908794788273616 0.2930298719772404 0.030618892508143324 0.2901849217638691 0.025407166123778503 0.29871977240398295 0.013680781758957655 0.3712660028449502 0.01237785016286645 0.38406827880512096 0.020195439739413682 0.4395448079658606
0 0.17459283387622151 0.25604551920341395 0.17459283387622151 0.2631578947368421 0.17980456026058633 0.2702702702702703 0.18371335504885994 0.267425320056899 0.18371335504885994 0.24893314366998578 0.20130293159609122 0.20625889046941678 0.20846905537459284 0.21337126600284495 0.21107491856677527 0.24751066856330015 0.21498371335504887 0.24751066856330015 0.21758957654723127 0.24039829302987198 0.21889250814332248 0.12802275960170698 0.22084690553745928 0.1166429587482219 0.21758957654723127 0.09672830725462304 0.20781758957654725 0.09815078236130868 0.19218241042345277 0.17069701280227598 0.18697068403908795 0.2233285917496444 0.17459283387622151 0.25604551920341395
0 0.21172638436482086 0.30156472261735423 0.21498371335504887 0.31152204836415365 0.20912052117263843 0.33428165007112376 0.21302931596091207 0.3584637268847795 0.2273615635179153 0.3627311522048364 0.23648208469055376 0.26600284495021337 0.247557003257329 0.23755334281650073 0.2469055374592834 0.2233285917496444 0.241042345276873 0.21194879089615934 0.23452768729641696 0.21337126600284495 0.22996742671009773 0.22901849217638692 0.20651465798045604 0.2574679943100996 0.20130293159609122 0.2702702702702703 0.20195439739413681 0.2901849217638691 0.21172638436482086 0.30156472261735423
0 0.25211726384364824 0.2105263157894737 0.247557003257329 0.24751066856330015 0.24364820846905538 0.2631578947368421 0.23583061889250814 0.2745376955903272 0.23583061889250814 0.283072546230441 0.241042345276873 0.2901849217638691 0.2429967426710098 0.28876244665718354 0.24169381107491858 0.27596017069701284 0.24364820846905538 0.26600284495021337 0.2482084690553746 0.2631578947368421 0.25863192182410427 0.24039829302987198 0.2618892508143323 0.22048364153627312 0.2716612377850163 0.2332859174964438 0.27557003257328994 0.26884779516358465 0.28013029315960913 0.2631578947368421 0.2762214983713355 0.20768136557610242 0.2703583061889251 0.18776671408250356 0.2742671009771987 0.14509246088193456 0.28013029315960913 0.1251778093883357 0.27947882736156354 0.10810810810810811 0.27557003257328994 0.10241820768136559 0.26840390879478826 0.10384068278805121 0.26514657980456025 0.12660028449502134 0.25993485342019546 0.13798008534850642 0.2514657980456026 0.18776671408250356 0.25211726384364824 0.2105263157894737
0 0.2749185667752443 0.2901849217638691 0.28208469055374596 0.3186344238975818 0.28273615635179156 0.3314366998577525 0.3009771986970684 0.30440967283072545 0.304885993485342 0.27880512091038406 0.3166123778501629 0.2446657183499289 0.3153094462540717 0.2318634423897582 0.31140065146579804 0.22475106685633003 0.30293159609120524 0.22617354196301565 0.2970684039087948 0.2446657183499289 0.2723127035830619 0.283072546230441 0.2723127035830619 0.29160739687055476 0.2749185667752443 0.2901849217638691
0 0.2749185667752443 0.3755334281650071 0.2892508143322476 0.40256045519203415 0.2964169381107492 0.39829302987197723 0.3003257328990228 0.38406827880512096 0.31074918566775245 0.3869132290184922 0.3087947882736157 0.3385490753911807 0.3166123778501629 0.32147937411095306 0.3159609120521173 0.29871977240398295 0.31074918566775245 0.29160739687055476 0.30293159609120524 0.2958748221906117 0.2729641693811075 0.3556187766714083 0.2723127035830619 0.36699857752489334 0.2749185667752443 0.3755334281650071
0 0.31009771986970686 0.368421052631579 0.3127035830618893 0.3698435277382646 0.3166123778501629 0.35988620199146515 0.3276872964169381 0.34992887624466573 0.33355048859934855 0.3200568990042674 0.33811074918566775 0.3186344238975818 0.3387622149837134 0.3129445234708393 0.33420195439739414 0.30156472261735423 0.3276872964169381 0.3001422475106686 0.3087947882736157 0.3314366998577525 0.30684039087947884 0.34992887624466573 0.31009771986970686 0.368421052631579
0 0.35309446254071664 0.4210526315789474 0.3589576547231271 0.4423897581792319 0.3661237785016287 0.4438122332859175 0.3661237785016287 0.438122332859175 0.35960912052117266 0.4295874822190612 0.35570032573289906 0.39260312944523473 0.36482084690553745 0.34992887624466573 0.36156351791530944 0.3314366998577525 0.3550488599348534 0.32859174964438126 0.3172638436482085 0.35988620199146515 0.31465798045602605 0.37268847795163584 0.35309446254071664 0.4210526315789474
0 0.30944625407166126 0.4210526315789474 0.3244299674267101 0.39687055476529165 0.31791530944625407 0.3883357041251778 0.3035830618892508 0.38549075391180654 0.288599348534202 0.41536273115220484 0.28599348534201957 0.4366998577524894 0.30944625407166126 0.4210526315789474