0 0.6502923976608187 0.7628032345013478 0.6485380116959064 0.8032345013477089 0.6497076023391813 0.8207547169811321 0.652046783625731 0.8234501347708896 0.6479532163742691 0.8679245283018868 0.643859649122807 0.8800539083557952 0.6508771929824562 0.8814016172506739 0.6549707602339181 0.8584905660377359 0.6672514619883041 0.8787061994609164 0.6719298245614035 0.8787061994609164 0.6730994152046784 0.8706199460916443 0.6672514619883041 0.8126684636118598 0.6742690058479532 0.7951482479784368 0.6777777777777778 0.7695417789757413 0.6701754385964912 0.7506738544474394 0.6625730994152047 0.7102425876010782 0.6567251461988304 0.7048517520215634 0.6526315789473685 0.6846361185983828 0.6456140350877193 0.6819407008086253 0.6409356725146199 0.6913746630727763 0.6432748538011696 0.7318059299191375 0.6502923976608187 0.7628032345013478
0 0.5497076023391813 0.5808625336927224 0.5596491228070175 0.5983827493261455 0.5596491228070175 0.6981132075471699 0.5543859649122808 0.706199460916442 0.5590643274853802 0.715633423180593 0.5578947368421052 0.7237196765498652 0.571345029239766 0.7223719676549866 0.5730994152046783 0.715633423180593 0.5707602339181287 0.7048517520215634 0.5701754385964912 0.6576819407008087 0.5812865497076023 0.6172506738544474 0.5812865497076023 0.601078167115903 0.556140350877193 0.5363881401617251 0.5491228070175439 0.532345013477089 0.5444444444444445 0.5404312668463612 0.543859649122807 0.5498652291105122 0.5497076023391813 0.5808625336927224
0 0.5684210526315789 0.47708894878706204 0.5801169590643275 0.5242587601078167 0.5777777777777778 0.5606469002695418 0.5812865497076023 0.5768194070080863 0.5824561403508772 0.6212938005390836 0.5877192982456141 0.6199460916442049 0.591812865497076 0.5902964959568734 0.5900584795321637 0.5592991913746631 0.5988304093567252 0.5256064690026955 0.5964912280701754 0.4946091644204852 0.572514619883041 0.4447439353099731 0.5672514619883041 0.44339622641509435 0.5625730994152047 0.4528301886792453 0.5631578947368421 0.4716981132075472 0.5684210526315789 0.47708894878706204
0 0.5842105263157895 0.38274932614555257 0.5906432748538012 0.41509433962264153 0.5807017543859649 0.4487870619946092 0.5877192982456141 0.45822102425876016 0.591812865497076 0.47708894878706204 0.6052631578947368 0.4811320754716981 0.6064327485380117 0.4716981132075472 0.6023391812865497 0.454177897574124 0.6046783625730995 0.4393530997304582 0.6111111111111112 0.42452830188679247 0.6105263157894737 0.4123989218328841 0.5888888888888889 0.35175202156334234 0.5847953216374269 0.34905660377358494 0.5789473684210527 0.35714285714285715 0.5777777777777778 0.3706199460916442 0.5842105263157895 0.38274932614555257
0 0.5304093567251462 0.1091644204851752 0.5286549707602339 0.11994609164420486 0.5309941520467837 0.14016172506738545 0.5239766081871345 0.16037735849056606 0.5251461988304094 0.1711590296495957 0.5362573099415204 0.1725067385444744 0.5350877192982456 0.1334231805929919 0.5385964912280702 0.11320754716981132 0.5461988304093567 0.09568733153638814 0.5461988304093567 0.0849056603773585 0.5385964912280702 0.06738544474393532 0.5280701754385965 0.05660377358490566 0.5222222222222223 0.03908355795148248 0.5163742690058479 0.03908355795148248 0.5140350877192983 0.04582210242587601 0.5140350877192983 0.05929919137466308 0.5304093567251462 0.1091644204851752
0 0.47426900584795323 0.24393530997304583 0.47134502923976607 0.27088948787061995 0.47719298245614034 0.2951482479784367 0.47719298245614034 0.3059299191374663 0.47076023391812866 0.33018867924528306 0.4795321637426901 0.33288409703504046 0.4830409356725146 0.3247978436657682 0.48538011695906436 0.2830188679245283 0.49064327485380116 0.261455525606469 0.49181286549707603 0.24258760107816713 0.4754385964912281 0.20485175202156336 0.47134502923976607 0.18733153638814018 0.4631578947368421 0.18867924528301888 0.4625730994152047 0.21024258760107817 0.47426900584795323 0.24393530997304583
0 0.43801169590643274 0.3706199460916442 0.4409356725146199 0.39353099730458224 0.439766081871345 0.41913746630727766 0.4426900584795322 0.42048517520215634 0.45146198830409356 0.3867924528301887 0.4625730994152047 0.40431266846361186 0.4614035087719298 0.42183288409703507 0.47426900584795323 0.4097035040431267 0.4865497076023392 0.4137466307277628 0.49064327485380116 0.431266846361186 0.4935672514619883 0.42452830188679247 0.49473684210526314 0.4070080862533693 0.4760233918128655 0.3921832884097035 0.47719298245614034 0.3504043126684636 0.47134502923976607 0.33557951482479786 0.43508771929824563 0.3369272237196766 0.43216374269005847 0.3423180592991914 0.43274853801169594 0.362533692722372 0.43801169590643274 0.3706199460916442
0 0.41871345029239765 0.45822102425876016 0.4245614035087719 0.47978436657681944 0.4233918128654971 0.5026954177897575 0.42690058479532167 0.5 0.43216374269005847 0.47978436657681944 0.4368421052631579 0.4784366576819407 0.4456140350877193 0.5040431266846361 0.4409356725146199 0.5215633423180593 0.45380116959064326 0.5188679245283019 0.464327485380117 0.5256064690026955 0.4631578947368421 0.5404312668463612 0.47017543859649125 0.5336927223719676 0.47251461988304094 0.5242587601078167 0.47134502923976607 0.5175202156334232 0.4619883040935673 0.5067385444743936 0.45497076023391814 0.48787061994609165 0.45497076023391814 0.46361185983827496 0.4578947368421053 0.4514824797843666 0.4578947368421053 0.43800539083557954 0.45497076023391814 0.4299191374663073 0.4456140350877193 0.42452830188679247 0.41812865497076024 0.42452830188679247 0.41228070175438597 0.43530997304582214 0.41228070175438597 0.4487870619946092 0.41871345029239765 0.45822102425876016
0 0.43450292397660817 0.5902964959568734 0.4426900584795322 0.601078167115903 0.443859649122807 0.5822102425876011 0.4421052631578947 0.5727762803234502 0.43333333333333335 0.578167115902965 0.43216374269005847 0.5835579514824798 0.43450292397660817 0.5902964959568734
0 0.4052631578947368 0.5592991913746631 0.40058479532163743 0.5741239892183289 0.39707602339181286 0.5997304582210243 0.40058479532163743 0.5983827493261455 0.40292397660818713 0.5889487870619946 0.4076023391812866 0.5889487870619946 0.4099415204678363 0.5741239892183289 0.41228070175438597 0.5741239892183289 0.41578947368421054 0.5795148247978437 0.4198830409356725 0.6037735849056605 0.4198830409356725 0.6118598382749326 0.41461988304093567 0.6226415094339623 0.41812865497076024 0.6266846361185984 0.4280701754385965 0.623989218328841 0.4298245614035088 0.6159029649595688 0.4239766081871345 0.5768194070080863 0.43567251461988304 0.5619946091644206 0.4385964912280702 0.5539083557951483 0.43801169590643274 0.545822102425876 0.42923976608187137 0.5215633423180593 0.41754385964912283 0.5040431266846361 0.4111111111111111 0.4838274932614556 0.4035087719298246 0.48247978436657685 0.39883040935672515 0.4973045822102426 0.4064327485380117 0.5417789757412399 0.4052631578947368 0.5592991913746631
0 0.3695906432748538 0.7210242587601079 0.36608187134502923 0.7331536388140162 0.3695906432748538 0.734501347708895 0.3730994152046784 0.725067385444744 0.3801169590643275 0.6873315363881402 0.3912280701754386 0.6913746630727763 0.3935672514619883 0.7142857142857143 0.4064327485380117 0.7318059299191375 0.4076023391812866 0.7479784366576819 0.4111111111111111 0.7439353099730459 0.41461988304093567 0.7210242587601079 0.4064327485380117 0.6832884097035041 0.41345029239766085 0.6576819407008087 0.41169590643274856 0.6428571428571429 0.39473684210526316 0.6172506738544474 0.387719298245614 0.6159029649595688 0.38187134502923975 0.6051212938005391 0.3760233918128655 0.6064690026954178 0.3730994152046784 0.6172506738544474 0.37660818713450295 0.6657681940700809 0.3695906432748538 0.7210242587601079
0 0.39707602339181286 0.14690026954177898 0.39707602339181286 0.15363881401617252 0.4046783625730994 0.15633423180592992 0.4046783625730994 0.13881401617250674 0.41228070175438597 0.12264150943396226 0.41812865497076024 0.09838274932614556 0.4274853801169591 0.11455525606469004 0.4286549707602339 0.16037735849056606 0.43625730994152045 0.16172506738544476 0.43274853801169594 0.14150943396226415 0.43216374269005847 0.10512129380053908 0.42690058479532167 0.08355795148247978 0.43274853801169594 0.07412398921832884 0.43333333333333335 0.05390835579514825 0.439766081871345 0.02830188679245283 0.4391812865497076 0.016172506738544475 0.43216374269005847 0.01078167115902965 0.42923976608187137 0.02560646900269542 0.42046783625730993 0.03908355795148248 0.41169590643274856 0.07412398921832884 0.4105263157894737 0.10512129380053908 0.39707602339181286 0.14690026954177898
0 0.34210526315789475 0.3207547169811321 0.34152046783625734 0.3005390835579515 0.352046783625731 0.2776280323450135 0.3543859649122807 0.2641509433962264 0.35964912280701755 0.26549865229110514 0.3678362573099415 0.2816711590296496 0.3707602339181287 0.3234501347708895 0.3730994152046784 0.3274932614555256 0.38128654970760234 0.3234501347708895 0.37660818713450295 0.31266846361185985 0.37251461988304096 0.26280323450134774 0.3672514619883041 0.23719676549865232 0.3678362573099415 0.22102425876010784 0.3760233918128655 0.18194070080862534 0.3730994152046784 0.16711590296495957 0.3654970760233918 0.1684636118598383 0.3649122807017544 0.18194070080862534 0.35555555555555557 0.20485175202156336 0.3491228070175439 0.24258760107816713 0.3497076023391813 0.2560646900269542 0.3350877192982456 0.30188679245283023 0.3339181286549708 0.316711590296496 0.34210526315789475 0.3207547169811321
0 0.3385964912280702 0.41509433962264153 0.3631578947368421 0.41509433962264153 0.36023391812865496 0.39083557951482484 0.3730994152046784 0.3584905660377359 0.3730994152046784 0.3436657681940701 0.3695906432748538 0.33557951482479786 0.36257309941520466 0.33557951482479786 0.35789473684210527 0.3504043126684636 0.3362573099415205 0.38274932614555257 0.3345029239766082 0.4002695417789758 0.3385964912280702 0.41509433962264153
0 0.34502923976608185 0.5080862533692723 0.3485380116959064 0.5080862533692723 0.3538011695906433 0.5215633423180593 0.347953216374269 0.5525606469002696 0.3491228070175439 0.5566037735849056 0.35964912280701755 0.5646900269541779 0.36257309941520466 0.5606469002695418 0.36257309941520466 0.5539083557951483 0.37719298245614036 0.5283018867924528 0.38070175438596493 0.5404312668463612 0.3859649122807018 0.5390835579514826 0.3865497076023392 0.5296495956873316 0.3801169590643275 0.5161725067385445 0.37719298245614036 0.4919137466307278 0.3824561403508772 0.43800539083557954 0.3801169590643275 0.42048517520215634 0.37543859649122807 0.41778975741239893 0.36929824561403507 0.4393530997304582 0.3485380116959064 0.45956873315363883 0.34093567251461987 0.47708894878706204 0.34152046783625734 0.4959568733153639 0.34502923976608185 0.5080862533692723
0 0.34210526315789475 0.46361185983827496 0.3456140350877193 0.46361185983827496 0.35906432748538014 0.4528301886792453 0.3678362573099415 0.4366576819407008 0.3730994152046784 0.4123989218328841 0.3432748538011696 0.4137466307277628 0.33801169590643276 0.41778975741239893 0.3333333333333333 0.43261455525606474 0.3327485380116959 0.4487870619946092 0.34210526315789475 0.46361185983827496
0 0.32514619883040935 0.5256064690026955 0.34152046783625734 0.5390835579514826 0.34385964912280703 0.5363881401617251 0.34269005847953216 0.522911051212938 0.34502923976608185 0.5148247978436657 0.34210526315789475 0.49056603773584906 0.33801169590643276 0.4784366576819407 0.3321637426900585 0.47708894878706204 0.316374269005848 0.486522911051213 0.30701754385964913 0.5040431266846361 0.30701754385964913 0.5256064690026955 0.32514619883040935 0.5256064690026955
0 0.30058479532163745 0.578167115902965 0.3105263157894737 0.5808625336927224 0.31988304093567255 0.5741239892183289 0.32690058479532164 0.5579514824797844 0.3309941520467836 0.5592991913746631 0.3333333333333333 0.545822102425876 0.32748538011695905 0.5283018867924528 0.30701754385964913 0.5283018867924528 0.3 0.5363881401617251 0.2970760233918129 0.5512129380053908 0.295906432748538 0.5633423180592992 0.30058479532163745 0.578167115902965
0 0.2929824561403509 0.6307277628032345 0.295906432748538 0.6502695417789758 0.295906432748538 0.6576819407008087 0.2894736842105263 0.6738544474393532 0.28830409356725145 0.6913746630727763 0.3017543859649123 0.6967654986522911 0.32339181286549706 0.669811320754717 0.32923976608187133 0.6900269541778976 0.3327485380116959 0.6886792452830189 0.32222222222222224 0.6300539083557952 0.3263157894736842 0.6091644204851753 0.3257309941520468 0.5876010781671159 0.3304093567251462 0.5822102425876011 0.3327485380116959 0.5714285714285715 0.32923976608187133 0.5579514824797844 0.32105263157894737 0.5566037735849056 0.3192982456140351 0.568733153638814 0.30701754385964913 0.578167115902965 0.2929824561403509 0.5808625336927224 0.28713450292397663 0.5916442048517521 0.28654970760233917 0.6159029649595688 0.2929824561403509 0.6307277628032345
0 0.23859649122807017 0.7035040431266847 0.22280701754385965 0.7439353099730459 0.22222222222222224 0.7547169811320755 0.22982456140350876 0.7601078167115903 0.22923976608187135 0.7466307277628033 0.2327485380116959 0.7371967654986523 0.24210526315789474 0.7196765498652291 0.252046783625731 0.7129380053908356 0.2573099415204678 0.7183288409703504 0.2614035087719298 0.7681940700808626 0.2719298245614035 0.7695417789757413 0.27309941520467834 0.7641509433962265 0.26608187134502925 0.7479784366576819 0.2631578947368421 0.6940700808625337 0.2590643274853801 0.6778975741239892 0.2608187134502924 0.646900269541779 0.26900584795321636 0.601078167115903 0.26549707602339184 0.5889487870619946 0.2578947368421053 0.5862533692722373 0.247953216374269 0.6199460916442049 0.23976608187134504 0.669811320754717 0.23859649122807017 0.7035040431266847
0 0.13274853801169592 0.5404312668463612 0.13333333333333333 0.601078167115903 0.14385964912280702 0.6051212938005391 0.15087719298245614 0.5876010781671159 0.15497076023391812 0.5849056603773585 0.147953216374269 0.5741239892183289 0.1473684210526316 0.5404312668463612 0.15029239766081873 0.5215633423180593 0.15146198830409358 0.486522911051213 0.16140350877192983 0.4474393530997305 0.16140350877192983 0.4366576819407008 0.1543859649122807 0.4258760107816712 0.1497076023391813 0.4272237196765499 0.13274853801169592 0.47439353099730464 0.12923976608187135 0.4959568733153639 0.1286549707602339 0.5094339622641509 0.13274853801169592 0.5404312668463612
0 0.15555555555555556 0.532345013477089 0.16432748538011696 0.5431266846361186 0.16900584795321638 0.5377358490566038 0.19005847953216376 0.532345013477089 0.20350877192982456 0.5363881401617251 0.20292397660818715 0.5296495956873316 0.19649122807017544 0.5188679245283019 0.18947368421052632 0.4514824797843666 0.1912280701754386 0.42048517520215634 0.20116959064327486 0.37870619946091644 0.19941520467836257 0.3611859838274933 0.19473684210526315 0.3557951482479785 0.18888888888888888 0.3584905660377359 0.1695906432748538 0.4339622641509434 0.1695906432748538 0.4784366576819407 0.15555555555555556 0.532345013477089