0 0.7100415923945336 0.5817694369973191 0.7052881758764112 0.5884718498659518 0.7201426024955437 0.5911528150134049 0.7231134878193702 0.5871313672922253 0.7219251336898396 0.5764075067024129 0.7248960190136661 0.5697050938337802 0.7308377896613191 0.5683646112600537 0.728461081402258 0.546916890080429 0.728461081402258 0.5080428954423593 0.7308377896613191 0.5013404825737265 0.7415329768270945 0.49463806970509383 0.7415329768270945 0.4772117962466488 0.7308377896613191 0.4222520107238606 0.720736779560309 0.3900804289544236 0.7142008318478907 0.386058981233244 0.708853238265003 0.3941018766756032 0.714795008912656 0.44638069705093836 0.7100415923945336 0.5817694369973191
0 0.6916221033868093 0.35924932975871315 0.6975638740344623 0.3900804289544236 0.6975638740344623 0.40482573726541554 0.7017231134878195 0.42091152815013405 0.6999405822935235 0.45576407506702415 0.7082590612002377 0.45844504021447724 0.710635769459299 0.4544235924932976 0.710635769459299 0.44235924932975873 0.7076648841354725 0.39544235924932974 0.7171717171717172 0.3739946380697051 0.7183600713012478 0.3512064343163539 0.6898395721925135 0.29490616621983917 0.6821152703505645 0.2922252010723861 0.6773618538324421 0.30160857908847183 0.6779560308972075 0.3203753351206434 0.6916221033868093 0.35924932975871315
0 0.6660724896019015 0.4155495978552279 0.661319073083779 0.4436997319034853 0.6696375519904932 0.47989276139410186 0.6648841354723708 0.4839142091152815 0.6642899584076055 0.4906166219839142 0.6743909685086156 0.49463806970509383 0.6761734997029115 0.5053619302949062 0.6702317290552585 0.5214477211796247 0.6779560308972075 0.5227882037533512 0.6821152703505645 0.517426273458445 0.6821152703505645 0.49865951742627346 0.6767676767676768 0.4705093833780161 0.679144385026738 0.45308310991957107 0.6856803327391563 0.43967828418230565 0.6904337492572787 0.4195710455764075 0.6880570409982175 0.4075067024128686 0.661319073083779 0.3512064343163539 0.6547831253713607 0.34986595174262736 0.6506238859180036 0.3552278820375335 0.6506238859180036 0.37533512064343166 0.6660724896019015 0.4155495978552279
0 0.5710041592394534 0.257372654155496 0.5751633986928105 0.26943699731903487 0.5698158051099228 0.29490616621983917 0.5710041592394534 0.34048257372654156 0.5632798573975045 0.35254691689008044 0.5704099821746881 0.35656836461126007 0.5757575757575758 0.3552278820375335 0.58407605466429 0.33378016085790885 0.5912061794414736 0.32707774798927614 0.5870469399881165 0.3109919571045576 0.5864527629233512 0.29490616621983917 0.5953654188948307 0.27211796246648795 0.595959595959596 0.26005361930294907 0.5894236482471777 0.21983914209115282 0.5787284610814023 0.1836461126005362 0.572192513368984 0.18096514745308312 0.566250742721331 0.19168900804289546 0.5751633986928105 0.23324396782841825 0.5710041592394534 0.257372654155496
0 0.5531788472964944 0.1447721179624665 0.5502079619726679 0.18230563002680966 0.5561497326203209 0.1836461126005362 0.560308972073678 0.22117962466487937 0.5638740344622698 0.22386058981233245 0.566250742721331 0.21849865951742628 0.5650623885918004 0.193029490616622 0.5686274509803922 0.18230563002680966 0.5763517528223411 0.17560321715817695 0.5775401069518717 0.15951742627345844 0.5567439096850861 0.1032171581769437 0.548425430778372 0.10455764075067024 0.5490196078431373 0.13136729222520108 0.5531788472964944 0.1447721179624665
0 0.5169340463458111 0.2761394101876676 0.5193107546048723 0.289544235924933 0.5216874628639335 0.3042895442359249 0.518716577540107 0.31769436997319034 0.5222816399286988 0.33109919571045576 0.5418894830659536 0.32439678284182305 0.5519904931669638 0.30294906166219837 0.5531788472964944 0.2855227882037534 0.5496137849079026 0.2761394101876676 0.5383244206773619 0.26273458445040215 0.5294117647058824 0.2587131367292225 0.5228758169934641 0.24664879356568364 0.5151515151515151 0.2479892761394102 0.5115864527629234 0.2680965147453083 0.5169340463458111 0.2761394101876676
0 0.5121806298276886 0.35656836461126007 0.5115864527629234 0.3632707774798928 0.5151515151515151 0.36193029490616624 0.5175282234105764 0.36863270777479895 0.5175282234105764 0.3900804289544236 0.5199049316696376 0.3914209115281501 0.5294117647058824 0.3766756032171582 0.5323826500297089 0.38069705093833783 0.5347593582887701 0.3967828418230563 0.5531788472964944 0.41152815013404825 0.5525846702317291 0.435656836461126 0.5573380867498515 0.4383378016085791 0.560308972073678 0.4343163538873995 0.5609031491384433 0.4168900804289544 0.5478312537136066 0.38873994638069703 0.5549613784907903 0.35656836461126007 0.554367201426025 0.3445040214477212 0.5496137849079026 0.3324396782841823 0.5335710041592395 0.3257372654155496 0.5199049316696376 0.3297587131367292 0.5169340463458111 0.3203753351206434 0.5109922756981581 0.3203753351206434 0.5086155674390969 0.3257372654155496 0.5080213903743316 0.34048257372654156 0.5121806298276886 0.35656836461126007
0 0.5115864527629234 0.4262734584450402 0.5151515151515151 0.44235924932975873 0.5228758169934641 0.44906166219839144 0.5234699940582294 0.46246648793565687 0.5448603683897801 0.4932975871313673 0.542483660130719 0.5080428954423593 0.5537730243612596 0.5026809651474531 0.5502079619726679 0.4343163538873995 0.5525846702317291 0.41823056300268097 0.5502079619726679 0.40884718498659517 0.5401069518716578 0.39812332439678283 0.5210932857991681 0.39812332439678283 0.5157456922162805 0.39276139410187666 0.5133689839572193 0.3833780160857909 0.5056446821152704 0.386058981233244 0.5032679738562091 0.39544235924932974 0.5044563279857398 0.41152815013404825 0.5115864527629234 0.4262734584450402
0 0.5080213903743316 0.5482573726541555 0.5103980986333928 0.564343163538874 0.5181224004753416 0.5737265415549598 0.5169340463458111 0.6018766756032171 0.5300059417706476 0.6018766756032171 0.5347593582887701 0.579088471849866 0.5466428995840761 0.579088471849866 0.5537730243612596 0.6018766756032171 0.560308972073678 0.593833780160858 0.560308972073678 0.5723860589812333 0.5395127748068925 0.561662198391421 0.5442661913250149 0.532171581769437 0.5412953060011884 0.5093833780160858 0.5335710041592395 0.49865951742627346 0.5163398692810458 0.49195710455764075 0.5062388591800356 0.47319034852546915 0.4991087344028521 0.47989276139410186 0.5044563279857398 0.5428954423592494 0.5080213903743316 0.5482573726541555
0 0.6024955436720143 0.7238605898123325 0.6007130124777184 0.7453083109919572 0.601901366607249 0.7761394101876675 0.595959595959596 0.8136729222520107 0.5983363042186572 0.8176943699731903 0.601901366607249 0.8150134048257373 0.6066547831253714 0.7627345844504022 0.6143790849673203 0.7453083109919572 0.6191325014854427 0.7493297587131368 0.6232917409387998 0.7680965147453084 0.6292335115864528 0.8203753351206434 0.6333927510398099 0.82171581769437 0.6280451574569222 0.7680965147453084 0.6280451574569222 0.7613941018766757 0.6322043969102793 0.754691689008043 0.6333927510398099 0.7144772117962467 0.6250742721330957 0.6675603217158177 0.6149732620320856 0.6554959785522788 0.6125965537730244 0.6327077747989276 0.6054664289958408 0.628686327077748 0.601901366607249 0.6353887399463807 0.6001188354129531 0.6621983914209115 0.5971479500891266 0.6702412868632708 0.601901366607249 0.6983914209115282 0.6024955436720143 0.7238605898123325
0 0.3980986333927511 0.26943699731903487 0.40166369578134287 0.23056300268096516 0.40938799762329176 0.2345844504021448 0.40938799762329176 0.2680965147453083 0.4147355912061795 0.2828418230563003 0.417706476530006 0.2761394101876676 0.41414141414141414 0.2640750670241287 0.4159239453357101 0.23994638069705093 0.411764705882353 0.20509383378016086 0.417706476530006 0.17962466487935658 0.42543077837195487 0.19973190348525469 0.42721330956625075 0.18900804289544237 0.41117052881758764 0.14745308310991959 0.40522875816993464 0.14879356568364613 0.39750445632798576 0.16353887399463807 0.3951277480689246 0.17560321715817695 0.39334521687462864 0.27211796246648795 0.3980986333927511 0.26943699731903487
0 0.4456327985739751 0.29758713136729226 0.4622697563874035 0.2734584450402145 0.4676173499702912 0.27479892761394104 0.4723707664884136 0.2667560321715818 0.46999405822935236 0.25067024128686327 0.46286393345216875 0.24664879356568364 0.4503862150920975 0.2640750670241287 0.435531788472965 0.2734584450402145 0.42840166369578137 0.2855227882037534 0.42840166369578137 0.2989276139410188 0.4456327985739751 0.29758713136729226
0 0.42602495543672014 0.33646112600536193 0.4408793820558527 0.33378016085790885 0.4444444444444445 0.3485254691689008 0.4497920380273322 0.34986595174262736 0.4676173499702912 0.2962466487935657 0.46702317290552586 0.28150134048257375 0.45989304812834225 0.2774798927613941 0.4396910279263221 0.3002680965147453 0.42840166369578137 0.3002680965147453 0.42424242424242425 0.306970509383378 0.42305407011289364 0.3190348525469169 0.42602495543672014 0.33646112600536193
0 0.41830065359477125 0.39812332439678283 0.43909685086155675 0.38471849865951746 0.4456327985739751 0.3726541554959786 0.4438502673796792 0.3552278820375335 0.4497920380273322 0.3257372654155496 0.44503862150920975 0.3203753351206434 0.4444444444444445 0.3257372654155496 0.43731431966726086 0.33378016085790885 0.42127153891859775 0.3418230563002681 0.40819964349376114 0.3672922252010724 0.4099821746880571 0.386058981233244 0.41830065359477125 0.39812332439678283
0 0.4557338086749852 0.4008042895442359 0.453357100415924 0.4101876675603217 0.4563279857397505 0.43297587131367293 0.4664289958407606 0.4289544235924933 0.4682115270350565 0.41823056300268097 0.4676173499702912 0.38069705093833783 0.45989304812834225 0.3739946380697051 0.4545454545454546 0.3793565683646113 0.453357100415924 0.386058981233244 0.4557338086749852 0.4008042895442359
0 0.46286393345216875 0.3646112600536193 0.47296494355317886 0.3579088471849866 0.48068924539512775 0.339142091152815 0.48187759952465836 0.3257372654155496 0.4783125371360666 0.31233243967828417 0.47296494355317886 0.3096514745308311 0.46405228758169936 0.32171581769436997 0.453357100415924 0.3257372654155496 0.45098039215686275 0.3351206434316354 0.4503862150920975 0.3632707774798928 0.46286393345216875 0.3646112600536193
0 0.46702317290552586 0.4075067024128686 0.46999405822935236 0.41420911528150134 0.4741532976827095 0.40884718498659517 0.4824717765894237 0.42359249329758714 0.4872251931075461 0.4450402144772118 0.4842543077837196 0.45576407506702415 0.4901960784313726 0.45576407506702415 0.4913844325609032 0.44235924932975873 0.4884135472370767 0.4289544235924933 0.4872251931075461 0.40214477211796246 0.4943553178847297 0.37131367292225204 0.4943553178847297 0.3552278820375335 0.49079025549613786 0.3485254691689008 0.4842543077837196 0.3485254691689008 0.46583481877599525 0.3632707774798928 0.46286393345216875 0.3699731903485255 0.4682115270350565 0.3914209115281501 0.46702317290552586 0.4075067024128686
0 0.41532976827094475 0.5187667560321716 0.40344622697563876 0.5388739946380697 0.4040404040404041 0.5495978552278821 0.4099821746880571 0.5576407506702413 0.41532976827094475 0.5576407506702413 0.41414141414141414 0.5388739946380697 0.42602495543672014 0.5187667560321716 0.4349376114081997 0.532171581769437 0.44622697563874036 0.5294906166219839 0.43909685086155675 0.5120643431635389 0.4408793820558527 0.4839142091152815 0.4396910279263221 0.45308310991957107 0.4426619132501486 0.4410187667560322 0.4503862150920975 0.450402144772118 0.4545454545454546 0.44638069705093836 0.45395127748068925 0.4262734584450402 0.4503862150920975 0.4155495978552279 0.45395127748068925 0.4008042895442359 0.4527629233511587 0.38873994638069703 0.4426619132501486 0.386058981233244 0.4385026737967915 0.40214477211796246 0.41830065359477125 0.4222520107238606 0.40938799762329176 0.44906166219839144 0.41948900772430187 0.49463806970509383 0.41532976827094475 0.5187667560321716
0 0.37967914438502676 0.7640750670241288 0.3850267379679145 0.774798927613941 0.39037433155080214 0.7761394101876675 0.387997623291741 0.7587131367292226 0.3909685086155675 0.7466487935656837 0.40463458110516937 0.7158176943699732 0.4129530600118836 0.7091152815013405 0.417706476530006 0.725201072386059 0.42127153891859775 0.7613941018766757 0.4206773618538325 0.7828418230563002 0.43434343434343436 0.7855227882037533 0.4337492572786691 0.7788203753351206 0.42721330956625075 0.7707774798927615 0.42543077837195487 0.7560321715817695 0.42602495543672014 0.6957104557640751 0.423648247177659 0.675603217158177 0.423648247177659 0.6514745308310992 0.43018419489007725 0.6099195710455764 0.4337492572786691 0.6018766756032171 0.4307783719548426 0.5804289544235925 0.4248366013071896 0.5777479892761395 0.42127153891859775 0.5817694369973191 0.40047534165181226 0.6635388739946381 0.40047534165181226 0.6903485254691689 0.37967914438502676 0.7640750670241288
0 0.14260249554367202 0.3833780160857909 0.15032679738562094 0.4075067024128686 0.14735591206179444 0.4638069705093834 0.16102198455139632 0.46514745308310995 0.16161616161616163 0.450402144772118 0.16458704693998813 0.4477211796246649 0.15745692216280452 0.43297587131367293 0.16102198455139632 0.37801608579088475 0.16458704693998813 0.3605898123324397 0.17884729649435532 0.33646112600536193 0.18122400475341652 0.32439678284182305 0.17884729649435532 0.306970509383378 0.17349970291146763 0.3002680965147453 0.16696375519904932 0.30294906166219837 0.16102198455139632 0.32171581769436997 0.14022578728461083 0.35254691689008044 0.13725490196078433 0.3672922252010724 0.13666072489601902 0.3793565683646113 0.14260249554367202 0.3833780160857909
0 0.42127153891859775 0.4168900804289544 0.42899584076054664 0.403485254691689 0.4206773618538325 0.40482573726541554 0.417706476530006 0.41420911528150134 0.42127153891859775 0.4168900804289544
0 0.34521687462863937 0.34316353887399464 0.33986928104575165 0.3900804289544236 0.34105763517528226 0.3941018766756032 0.352346999405823 0.39544235924932974 0.34878193701723115 0.3833780160857909 0.35412953060011887 0.37131367292225204 0.35888294711824126 0.3699731903485255 0.35710041592394537 0.3672922252010724 0.35769459298871065 0.29758713136729226 0.36601307189542487 0.28150134048257375 0.37670825906120026 0.24396782841823056 0.37254901960784315 0.23056300268096516 0.36482471776589426 0.22922252010723862 0.33333333333333337 0.2855227882037534 0.33273915626856804 0.3002680965147453 0.34521687462863937 0.34316353887399464