0 0.9523809523809523 0.56 0.9537414965986394 0.695 0.9486394557823129 0.7028571428571428 0.9520408163265306 0.7057142857142857 0.9639455782312925 0.7021428571428572 0.982312925170068 0.7057142857142857 0.982312925170068 0.7092857142857143 0.9846938775510203 0.7114285714285714 0.9877551020408163 0.7057142857142857 0.991156462585034 0.6885714285714286 0.9897959183673468 0.6828571428571428 0.9833333333333333 0.6764285714285714 0.9741496598639455 0.6521428571428571 0.9775510204081632 0.62 0.9772108843537415 0.5971428571428572 0.9741496598639455 0.5728571428571428 0.9700680272108843 0.5542857142857143 0.9649659863945578 0.5471428571428572 0.9605442176870748 0.5242857142857142 0.9530612244897958 0.5228571428571429 0.9489795918367346 0.5292857142857142 0.9479591836734693 0.5357142857142857 0.9476190476190476 0.5464285714285714 0.9523809523809523 0.56
0 0.9802721088435373 0.39285714285714285 0.9782312925170067 0.39714285714285713 0.988095238095238 0.40214285714285714 0.9901360544217687 0.3985714285714286 0.9894557823129251 0.3914285714285714 0.9965986394557822 0.3871428571428571 0.9979591836734694 0.3914285714285714 0.9996598639455782 0.3914285714285714 0.9996598639455782 0.25785714285714284 0.9959183673469387 0.25214285714285717 0.9952380952380951 0.23857142857142857 0.991156462585034 0.23285714285714285 0.9843537414965986 0.2342857142857143 0.9802721088435373 0.245 0.9812925170068026 0.25285714285714284 0.9802721088435373 0.39285714285714285
0 0.7030612244897959 0.49785714285714283 0.7159863945578231 0.5278571428571428 0.7153061224489795 0.5392857142857143 0.7204081632653061 0.5442857142857143 0.7173469387755101 0.5742857142857143 0.7197278911564625 0.5864285714285714 0.7200680272108843 0.6 0.7142857142857142 0.6085714285714285 0.7181972789115646 0.6114285714285714 0.7197278911564625 0.6235714285714286 0.7170068027210884 0.6307142857142857 0.7197278911564625 0.6342857142857142 0.7265306122448979 0.6321428571428571 0.7282312925170068 0.63 0.7285714285714285 0.6221428571428571 0.7272108843537415 0.6135714285714285 0.7272108843537415 0.5907142857142857 0.7255102040816326 0.5821428571428572 0.7370748299319727 0.54 0.7363945578231292 0.5321428571428571 0.7282312925170068 0.505 0.7112244897959183 0.4664285714285714 0.7064625850340136 0.4642857142857143 0.7030612244897959 0.4664285714285714 0.6993197278911564 0.4757142857142857 0.6996598639455782 0.485 0.7030612244897959 0.49785714285714283
0 0.6806122448979591 0.3914285714285714 0.692517006802721 0.4342857142857143 0.6901360544217686 0.4592857142857143 0.6962585034013605 0.4764285714285714 0.7003401360544217 0.47 0.701360544217687 0.4635714285714286 0.7071428571428571 0.45 0.7136054421768707 0.4392857142857143 0.7149659863945578 0.4278571428571429 0.7119047619047618 0.4157142857142857 0.6993197278911564 0.3871428571428571 0.6942176870748299 0.3807142857142857 0.6894557823129251 0.3657142857142857 0.6819727891156462 0.3678571428571429 0.6789115646258503 0.37642857142857145 0.6789115646258503 0.39 0.6806122448979591 0.3914285714285714
0 0.519047619047619 0.09642857142857143 0.5244897959183673 0.10071428571428571 0.5343537414965986 0.17714285714285713 0.5329931972789115 0.17857142857142858 0.5360544217687074 0.18285714285714286 0.5343537414965986 0.19285714285714287 0.5431972789115646 0.19357142857142856 0.5452380952380952 0.18857142857142858 0.5428571428571428 0.15357142857142858 0.5534013605442176 0.11928571428571429 0.5537414965986395 0.10857142857142857 0.5510204081632653 0.10142857142857142 0.5431972789115646 0.09214285714285714 0.5299319727891156 0.08214285714285714 0.5258503401360544 0.07071428571428572 0.5221088435374149 0.07071428571428572 0.5183673469387755 0.07785714285714286 0.5173469387755102 0.08785714285714286 0.519047619047619 0.09642857142857143
0 0.5166666666666666 0.2507142857142857 0.5255102040816326 0.32142857142857145 0.529251700680272 0.32142857142857145 0.5306122448979591 0.3171428571428571 0.529251700680272 0.2885714285714286 0.5316326530612244 0.2757142857142857 0.5401360544217687 0.26 0.5397959183673469 0.24428571428571427 0.5384353741496598 0.24071428571428571 0.5207482993197279 0.22428571428571428 0.5156462585034013 0.21 0.5098639455782312 0.20857142857142857 0.5071428571428571 0.21571428571428572 0.5085034013605442 0.23285714285714285 0.5166666666666666 0.2507142857142857
0 0.5085034013605442 0.3742857142857143 0.49795918367346936 0.42214285714285715 0.5017006802721088 0.42142857142857143 0.5030612244897958 0.41785714285714287 0.5040816326530612 0.40785714285714286 0.5088435374149659 0.39785714285714285 0.514625850340136 0.37357142857142855 0.5193877551020408 0.3707142857142857 0.5230159863945577 0.3707142857142857 0.5268707482993197 0.3792857142857143 0.5295918367346938 0.39285714285714285 0.5377551020408163 0.40785714285714286 0.5370748299319728 0.415 0.5431972789115646 0.4185714285714286 0.5493197278911565 0.39357142857142857 0.5465986394557822 0.3871428571428571 0.5408163265306122 0.385 0.5428571428571428 0.36642857142857144 0.5469387755102041 0.3485714285714286 0.5435374149659864 0.3357142857142857 0.5217687074829932 0.3407142857142857 0.5129251700680272 0.3314285714285714 0.5095238095238095 0.3314285714285714 0.5047619047619047 0.3435714285714286 0.5088435374149659 0.3692857142857143 0.5085034013605442 0.3742857142857143
0 0.5275510204081633 0.455 0.5343537414965986 0.47285714285714286 0.5350340136054421 0.4857142857142857 0.5326530612244897 0.4957142857142857 0.5329931972789115 0.5014285714285714 0.5370748299319728 0.4992857142857143 0.5397959183673469 0.4835714285714286 0.5428571428571428 0.4857142857142857 0.5438775510204081 0.4907142857142857 0.5486394557823129 0.49785714285714283 0.5537414965986395 0.5135714285714286 0.5585034013605442 0.5185714285714286 0.5615646258503401 0.5192857142857142 0.5612244897959183 0.5157142857142857 0.5654761904761905 0.5085714285714286 0.5714285714285714 0.5121428571428571 0.5731292517006802 0.5257142857142857 0.5744897959183674 0.5271428571428571 0.5785714285714285 0.5185714285714286 0.5785714285714285 0.5114285714285715 0.5741496598639455 0.5014285714285714 0.563265306122449 0.4942857142857143 0.563265306122449 0.48428571428571426 0.5704081632653061 0.4607142857142857 0.5704081632653061 0.455 0.567687074829932 0.445 0.530952380952381 0.42928571428571427 0.524829931972789 0.435 0.5231292517006803 0.4492857142857143 0.5275510204081633 0.455
0 0.5258503401360544 0.5357142857142857 0.5316326530612244 0.5421428571428571 0.5357142857142857 0.5535714285714286 0.530952380952381 0.5907142857142857 0.529251700680272 0.5957142857142858 0.5329931972789115 0.5928571428571429 0.5418367346938775 0.5635714285714286 0.558843537414966 0.6 0.5598639455782313 0.6071428571428571 0.5585034013605442 0.6157142857142857 0.5608843537414966 0.6192857142857143 0.5659863945578231 0.62 0.5704081632653061 0.6157142857142857 0.5768707482993197 0.5985714285714285 0.5812925170068027 0.6 0.588095238095238 0.585 0.588095238095238 0.5821428571428572 0.5850340136054422 0.5778571428571428 0.5806122448979592 0.5778571428571428 0.5775510204081632 0.5814285714285714 0.5768707482993197 0.5778571428571428 0.5687074829931973 0.5707142857142857 0.569047619047619 0.5635714285714286 0.5744897959183674 0.5421428571428571 0.573469387755102 0.5292857142857142 0.5714285714285714 0.525 0.5329931972789115 0.5078571428571429 0.5258503401360544 0.5121428571428571 0.5244897959183673 0.5185714285714286 0.5241496598639456 0.5278571428571428 0.5258503401360544 0.5357142857142857
0 0.5326530612244897 0.6842857142857143 0.5275510204081633 0.7071428571428572 0.5302721088435374 0.7085714285714285 0.5329931972789115 0.7035714285714286 0.5418367346938775 0.6564285714285715 0.5462585034013605 0.6542857142857142 0.5527210884353742 0.6642857142857143 0.5530612244897959 0.69 0.5551020408163265 0.6992857142857143 0.5615646258503401 0.705 0.5639455782312924 0.7121428571428572 0.5731292517006802 0.7164285714285714 0.5724489795918367 0.7264285714285714 0.5755102040816326 0.7271428571428571 0.5816326530612245 0.7064285714285714 0.5724489795918367 0.695 0.5680272108843537 0.6721428571428572 0.5697278911564625 0.6614285714285715 0.5744897959183674 0.6478571428571429 0.5744897959183674 0.6385714285714286 0.5714285714285714 0.63 0.5574829931972789 0.6178571428571429 0.5510204081632653 0.6085714285714285 0.5442176870748299 0.6064285714285714 0.5397959183673469 0.6 0.5340136054421768 0.6 0.5319727891156463 0.6042857142857143 0.5312925170068027 0.6114285714285714 0.535374149659864 0.6528571428571428 0.5326530612244897 0.6842857142857143
0 0.5744897959183674 0.7864285714285715 0.5897959183673469 0.9121428571428571 0.5850340136054422 0.9157142857142857 0.5836734693877551 0.9235714285714286 0.5850340136054422 0.9257142857142857 0.591156462585034 0.9235714285714286 0.5921768707482993 0.9335714285714286 0.588095238095238 0.9371428571428572 0.5870748299319728 0.9392857142857143 0.588095238095238 0.9421428571428572 0.6 0.9428571428571428 0.601360544217687 0.9385714285714286 0.6003401360544217 0.9364285714285714 0.5982993197278911 0.8835714285714286 0.604421768707483 0.8571428571428571 0.6105442176870748 0.8414285714285714 0.6112244897959184 0.8285714285714286 0.6129251700680272 0.8228571428571428 0.5914965986394557 0.775 0.5887755102040816 0.7714285714285715 0.5843537414965986 0.7707142857142857 0.5819727891156462 0.7578571428571429 0.5799319727891156 0.7542857142857143 0.5741496598639455 0.7528571428571429 0.5693877551020408 0.7621428571428571 0.5680272108843537 0.7721428571428571 0.5744897959183674 0.7864285714285715
0 0.39693877551020407 0.9007142857142857 0.4006802721088435 0.9042857142857142 0.401360544217687 0.8992857142857142 0.4047619047619047 0.895 0.4081632653061224 0.8821428571428571 0.41122448979591836 0.8771428571428571 0.41666666666666663 0.8807142857142857 0.4183673469387755 0.8878571428571429 0.4214285714285714 0.8878571428571429 0.4238095238095238 0.8807142857142857 0.4227891156462585 0.8707142857142857 0.42448979591836733 0.8585714285714285 0.42823129251700676 0.8485714285714285 0.42210884353741496 0.8392857142857143 0.42108843537414964 0.83 0.4258503401360544 0.7992857142857143 0.42517006802721086 0.785 0.42755102040816323 0.7714285714285715 0.42755102040816323 0.7607142857142857 0.4258503401360544 0.755 0.41802721088435374 0.7542857142857143 0.4149659863945578 0.7628571428571429 0.41462585034013605 0.7735714285714286 0.4081632653061224 0.7907142857142857 0.4051020408163265 0.8185714285714286 0.40034013605442176 0.8421428571428572 0.39965986394557823 0.8842857142857142 0.39693877551020407 0.9007142857142857
0 0.4595238095238095 0.48428571428571426 0.46870748299319726 0.4857142857142857 0.4748299319727891 0.4928571428571429 0.4775510204081632 0.51 0.4772108843537415 0.5235714285714286 0.47823129251700675 0.5114285714285715 0.48639455782312924 0.5035714285714286 0.4931972789115646 0.5328571428571428 0.495578231292517 0.535 0.4986394557823129 0.53 0.4914965986394558 0.5028571428571429 0.49353741496598635 0.4714285714285714 0.4982993197278911 0.4635714285714286 0.49795918367346936 0.45285714285714285 0.4948979591836734 0.44571428571428573 0.4887755102040816 0.44571428571428573 0.4853741496598639 0.45357142857142857 0.45986394557823124 0.4735714285714286 0.4585034013605442 0.47714285714285715 0.4595238095238095 0.48428571428571426
0 0.44251700680272105 0.4714285714285714 0.44897959183673464 0.48214285714285715 0.4527210884353741 0.4835714285714286 0.4738095238095238 0.45571428571428574 0.4741496598639455 0.45285714285714285 0.4738095238095238 0.4421428571428571 0.46428571428571425 0.4307142857142857 0.45714285714285713 0.4257142857142857 0.44353741496598637 0.42714285714285716 0.4387755102040816 0.43142857142857144 0.43605442176870746 0.43857142857142856 0.43571428571428567 0.44642857142857145 0.44251700680272105 0.4714285714285714
0 0.432312925170068 0.4407142857142857 0.43537414965986393 0.4392857142857143 0.43843537414965983 0.43142857142857144 0.44285714285714284 0.42714285714285716 0.4527210884353741 0.425 0.45340136054421765 0.41928571428571426 0.4510204081632653 0.4157142857142857 0.4520408163265306 0.4057142857142857 0.45782312925170066 0.38571428571428573 0.4632653061224489 0.375 0.4636054421768707 0.36214285714285716 0.4595238095238095 0.355 0.4527210884353741 0.3557142857142857 0.42755102040816323 0.39714285714285713 0.4231292517006802 0.41 0.423469387755102 0.42428571428571427 0.432312925170068 0.4407142857142857
0 0.4397959183673469 0.5328571428571428 0.4448979591836734 0.5278571428571428 0.45680272108843534 0.5271428571428571 0.46224489795918366 0.5185714285714286 0.47176870748299315 0.5235714285714286 0.4724489795918367 0.535 0.4738095238095238 0.5364285714285715 0.4748299319727891 0.5328571428571428 0.4738095238095238 0.5285714285714286 0.47619047619047616 0.5157142857142857 0.4738095238095238 0.4928571428571429 0.47074829931972784 0.49 0.4619047619047619 0.4907142857142857 0.4561224489795918 0.48642857142857143 0.44897959183673464 0.5014285714285714 0.4421768707482993 0.5 0.43843537414965983 0.5042857142857143 0.43537414965986393 0.5085714285714286 0.43197278911564624 0.5192857142857142 0.43197278911564624 0.5357142857142857 0.4397959183673469 0.5328571428571428
0 0.4397959183673469 0.5871428571428572 0.4527210884353741 0.5828571428571429 0.4659863945578231 0.5714285714285714 0.4693877551020408 0.5628571428571428 0.47074829931972784 0.5571428571428572 0.4697278911564626 0.5485714285714286 0.4738095238095238 0.5357142857142857 0.47210884353741495 0.5278571428571428 0.4727891156462585 0.5257142857142857 0.4625850340136054 0.5214285714285715 0.46020408163265303 0.5221428571428571 0.4595238095238095 0.5264285714285715 0.45578231292517 0.53 0.4387755102040816 0.5342857142857143 0.4333333333333333 0.54 0.4292517006802721 0.5535714285714286 0.4292517006802721 0.5635714285714286 0.4397959183673469 0.5871428571428572
0 0.436734693877551 0.6264285714285714 0.4431972789115646 0.6371428571428571 0.44149659863945573 0.6457142857142857 0.43911564625850336 0.6464285714285715 0.43809523809523804 0.65 0.43911564625850336 0.66 0.4370748299319728 0.6735714285714286 0.43843537414965983 0.6785714285714286 0.44591836734693874 0.685 0.44931972789115643 0.685 0.4506802721088435 0.6807142857142857 0.46734693877551015 0.6628571428571428 0.4714285714285714 0.6771428571428572 0.4744897959183673 0.6785714285714286 0.4768707482993197 0.675 0.47108843537414963 0.6542857142857142 0.469047619047619 0.6171428571428571 0.473469387755102 0.6064285714285714 0.4748299319727891 0.5985714285714285 0.4812925170068027 0.5878571428571429 0.48163265306122444 0.5792857142857143 0.47857142857142854 0.57 0.47210884353741495 0.5678571428571428 0.441156462585034 0.5907142857142857 0.43503401360544214 0.6028571428571429 0.4346938775510204 0.6192857142857143 0.436734693877551 0.6264285714285714
0 0.28435374149659864 0.5192857142857142 0.2863945578231292 0.5321428571428571 0.2863945578231292 0.5535714285714286 0.29115646258503397 0.5564285714285714 0.3003401360544217 0.5542857142857143 0.3003401360544217 0.55 0.29489795918367345 0.5435714285714286 0.29149659863945576 0.5271428571428571 0.2901360544217687 0.5078571428571429 0.2857142857142857 0.5092857142857142 0.28435374149659864 0.5121428571428571 0.28435374149659864 0.5192857142857142
0 0.26530612244897955 0.5142857142857142 0.2564625850340136 0.5528571428571428 0.25782312925170064 0.56 0.2639455782312925 0.5621428571428572 0.2704081632653061 0.5607142857142857 0.2704081632653061 0.5571428571428572 0.2673469387755102 0.5521428571428572 0.26564625850340134 0.54 0.27414965986394557 0.5114285714285715 0.282312925170068 0.5014285714285714 0.29047619047619044 0.49785714285714283 0.2891156462585034 0.49357142857142855 0.2901360544217687 0.48714285714285716 0.2894557823129251 0.4564285714285714 0.29489795918367345 0.43785714285714283 0.2974489795918367 0.41892857142857143 0.3010204081632653 0.4114285714285714 0.30170068027210883 0.4007142857142857 0.3003401360544217 0.395 0.2965986394557823 0.38857142857142857 0.29149659863945576 0.39071428571428574 0.2901360544217687 0.4007142857142857 0.282312925170068 0.4107142857142857 0.2670068027210884 0.46285714285714286 0.2683673469387755 0.4735714285714286 0.26530612244897955 0.5142857142857142
0 0.27414965986394557 0.42857142857142855 0.2755102040816326 0.4307142857142857 0.27755102040816326 0.42928571428571427 0.3 0.3807142857142857 0.30204081632653057 0.3678571428571429 0.30204081632653057 0.36 0.3 0.35214285714285715 0.2965986394557823 0.3485714285714286 0.2921768707482993 0.3485714285714286 0.28809523809523807 0.35285714285714287 0.2863945578231292 0.3678571428571429 0.27993197278911564 0.38642857142857145 0.2758503401360544 0.4107142857142857 0.27414965986394557 0.42142857142857143 0.27414965986394557 0.42857142857142855
0 0.3833333333333333 0.315 0.3863945578231292 0.3142857142857143 0.38503401360544215 0.30785714285714283 0.3874149659863945 0.29714285714285715 0.3982993197278911 0.2785714285714286 0.40034013605442176 0.2692857142857143 0.40646258503401356 0.2664285714285714 0.4125850340136054 0.27214285714285713 0.4156462585034013 0.2785714285714286 0.4183673469387755 0.31785714285714284 0.42517006802721086 0.31785714285714284 0.427891156462585 0.3142857142857143 0.423469387755102 0.3092857142857143 0.42210884353741496 0.30428571428571427 0.42176870748299317 0.2642857142857143 0.4183673469387755 0.24142857142857144 0.42074829931972785 0.22 0.42551020408163265 0.21 0.42857142857142855 0.19 0.4268707482993197 0.18071428571428572 0.4231292517006802 0.17714285714285713 0.4193877551020408 0.17785714285714285 0.41666666666666663 0.18857142857142858 0.4091836734693877 0.1992857142857143 0.39591836734693875 0.2392857142857143 0.3931972789115646 0.27071428571428574 0.3799319727891156 0.3 0.37857142857142856 0.3107142857142857 0.3833333333333333 0.315
0 0.408843537414966 0.1457142857142857 0.3972789115646258 0.17785714285714285 0.3976190476190476 0.18071428571428572 0.4006802721088435 0.18571428571428572 0.40238095238095234 0.185 0.4051020408163265 0.16357142857142856 0.4074829931972789 0.16214285714285714 0.41462585034013605 0.14714285714285713 0.4183673469387755 0.13357142857142856 0.42074829931972785 0.13285714285714287 0.43061224489795913 0.14642857142857144 0.4309523809523809 0.16714285714285715 0.42959183673469387 0.175 0.43061224489795913 0.18857142857142858 0.436734693877551 0.18857142857142858 0.43571428571428567 0.18071428571428572 0.4370748299319728 0.09285714285714286 0.44625850340136053 0.07357142857142857 0.4472789115646258 0.06785714285714285 0.44659863945578226 0.05714285714285714 0.44285714285714284 0.05142857142857143 0.4387755102040816 0.052142857142857144 0.43537414965986393 0.06357142857142857 0.4292517006802721 0.06857142857142857 0.423469387755102 0.07928571428571428 0.41428571428571426 0.105 0.41360544217687073 0.12 0.408843537414966 0.1457142857142857