0 0.9482862297053518 0.5241286863270778 0.9482862297053518 0.6032171581769437 0.9452796151533374 0.6193029490616622 0.9386650631389056 0.628686327077748 0.9458809380637403 0.6340482573726541 0.9597113650030067 0.6233243967828418 0.9567047504509922 0.6005361930294906 0.9567047504509922 0.5710455764075067 0.9651232711966327 0.5241286863270778 0.9494888755261576 0.4477211796246649 0.9416716776909201 0.4383378016085791 0.9350571256764884 0.44906166219839144 0.9410703547805171 0.4932975871313673 0.9482862297053518 0.5241286863270778
0 0.709561034275406 0.19168900804289546 0.7125676488274204 0.23994638069705093 0.7053517739025857 0.2868632707774799 0.7107636800962117 0.289544235924933 0.7233914612146723 0.2761394101876676 0.7203848466626579 0.22788203753351208 0.7263980757666868 0.20241286863270777 0.7263980757666868 0.193029490616622 0.7221888153938666 0.17158176943699732 0.709561034275406 0.13404825737265416 0.7023451593505713 0.13136729222520108 0.698737221888154 0.1380697050938338 0.698737221888154 0.15147453083109919 0.709561034275406 0.19168900804289546
0 0.5387853277209862 0.29356568364611263 0.5423932651834035 0.3002680965147453 0.5508117859290439 0.30294906166219837 0.5604329524954901 0.32707774798927614 0.5640408899579075 0.3297587131367292 0.5646422128683103 0.2962466487935657 0.539987973541792 0.24664879356568364 0.5327720986169573 0.24932975871313673 0.5321707757065545 0.2667560321715818 0.5387853277209862 0.29356568364611263
0 0.539987973541792 0.33646112600536193 0.5508117859290439 0.35254691689008044 0.5598316295850873 0.4155495978552279 0.5574263379434756 0.42091152815013405 0.561034275405893 0.4249329758713137 0.5598316295850873 0.44638069705093836 0.5676488274203247 0.4477211796246649 0.5706554419723392 0.4383378016085791 0.565844858689116 0.4075067024128686 0.566446181599519 0.3967828418230563 0.5742633794347565 0.3726541554959786 0.5748647023451594 0.353887399463807 0.5508117859290439 0.3042895442359249 0.5405892964521949 0.3042895442359249 0.5387853277209862 0.31233243967828417 0.539987973541792 0.33646112600536193
0 0.5754660252555622 0.6648793565683646 0.5772699939867709 0.6702412868632708 0.5826819001803969 0.6689008042895442 0.58749248346362 0.660857908847185 0.5880938063740229 0.6072386058981233 0.5923030667468431 0.5871313672922253 0.5935057125676488 0.5603217158176944 0.5868911605532171 0.5187667560321716 0.5754660252555622 0.4839142091152815 0.5670475045099218 0.47989276139410186 0.5640408899579075 0.4865951742627346 0.5628382441371016 0.49865951742627346 0.5754660252555622 0.6648793565683646
0 0.47564642212868313 0.6662198391420912 0.4726398075766687 0.6983914209115282 0.47805171377029465 0.7050938337801609 0.48406494287432356 0.7345844504021448 0.48406494287432356 0.7412868632707775 0.47805171377029465 0.7506702412868633 0.48406494287432356 0.7613941018766757 0.48767288033674083 0.7600536193029491 0.4924834636199639 0.7533512064343164 0.48827420324714377 0.7091152815013405 0.5009019843656044 0.6648793565683646 0.5003006614552015 0.6528150134048257 0.4942874323511726 0.6300268096514745 0.481659651232712 0.6058981233243967 0.476247745039086 0.5857908847184987 0.47023451593505716 0.5844504021447722 0.46662657847263983 0.5898123324396783 0.4678292242934456 0.6219839142091153 0.47564642212868313 0.6662198391420912
0 0.40649428743235116 0.5067024128686327 0.423331328923632 0.5428954423592494 0.42573662056524353 0.5536193029490617 0.42453397474443777 0.5670241286863271 0.4329524954900782 0.5603217158176944 0.4353577871316897 0.5335120643431636 0.44738424533974747 0.5455764075067024 0.45279615153337344 0.5603217158176944 0.4558027660853879 0.5563002680965148 0.45640408899579077 0.546916890080429 0.44377630787733013 0.5308310991957105 0.43836440168370416 0.5160857908847185 0.4413710162357186 0.4865951742627346 0.43896572459410704 0.4691689008042896 0.428743235117258 0.4597855227882038 0.41731809981960316 0.4611260053619303 0.40408899579073965 0.450402144772118 0.39927841250751656 0.45576407506702415 0.39927841250751656 0.4718498659517426 0.40649428743235116 0.5067024128686327
0 0.40889957907396274 0.31501340482573725 0.4149128081779916 0.34718498659517427 0.423331328923632 0.33109919571045576 0.4281419122068551 0.33378016085790885 0.428743235117258 0.34584450402144773 0.43896572459410704 0.3418230563002681 0.44738424533974747 0.32171581769436997 0.4461815995189417 0.3042895442359249 0.4395670475045099 0.2922252010723861 0.42934455802766086 0.29088471849865954 0.4209260372820205 0.2989276139410188 0.4113048707155743 0.28418230563002683 0.40408899579073965 0.29356568364611263 0.40348767288033677 0.30294906166219837 0.40889957907396274 0.31501340482573725
0 0.41100420926037284 0.3840482573726542 0.4143114852675887 0.39946380697050937 0.40829825616355986 0.4477211796246649 0.41250751653638007 0.4450402144772118 0.4167167769092003 0.4222520107238606 0.4509921828021648 0.4517426273458445 0.45700541190619365 0.44906166219839144 0.4624173180998196 0.43699731903485256 0.4600120264582081 0.42761394101876676 0.44798556825015035 0.4101876675603217 0.4449789536981359 0.3967828418230563 0.4509921828021648 0.36863270777479895 0.44558027660853883 0.34584450402144773 0.43836440168370416 0.3418230563002681 0.42573662056524353 0.3485254691689008 0.4113048707155743 0.34718498659517427 0.40348767288033677 0.35656836461126007 0.40348767288033677 0.3699731903485255 0.41100420926037284 0.3840482573726542
0 0.45279615153337344 0.33646112600536193 0.45640408899579077 0.3297587131367292 0.4582080577269994 0.3163538873994638 0.44738424533974747 0.30831099195710454 0.4503908598917619 0.3351206434316354 0.45279615153337344 0.33646112600536193
0 0.4185207456404089 0.26943699731903487 0.42212868310282625 0.29758713136729226 0.4327522549609141 0.29088471849865954 0.4461815995189417 0.29356568364611263 0.4533974744437763 0.2801608579088472 0.4509921828021648 0.26005361930294907 0.4467829224293446 0.25067024128686327 0.42934455802766086 0.2479892761394102 0.4185207456404089 0.2359249329758713 0.4143114852675887 0.2359249329758713 0.4113048707155743 0.24262734584450402 0.4107035478051714 0.25603217158176944 0.4185207456404089 0.26943699731903487
0 0.4413710162357186 0.18900804289544237 0.43896572459410704 0.21715817694369974 0.44377630787733013 0.21715817694369974 0.44377630787733013 0.24664879356568364 0.44978953698135904 0.2520107238605898 0.4491882140709561 0.24262734584450402 0.4533974744437763 0.2225201072386059 0.4582080577269994 0.2158176943699732 0.4600120264582081 0.19839142091152814 0.45279615153337344 0.17292225201072386 0.444377630787733 0.1581769436997319 0.4413710162357186 0.14209115281501342 0.4335538184004811 0.14611260053619304 0.4329524954900782 0.1554959785522788 0.4413710162357186 0.18900804289544237
0 0.3361395069152135 0.26943699731903487 0.34696331930246543 0.2734584450402145 0.3565844858689116 0.2613941018766756 0.3589897775105232 0.25067024128686327 0.36921226698737225 0.25335120643431636 0.37342152736019246 0.24664879356568364 0.37402285027059534 0.2386058981233244 0.3710162357185809 0.22654155495978553 0.3656043295249549 0.225201072386059 0.3535778713168972 0.2386058981233244 0.338544798556825 0.24664879356568364 0.33433553818400485 0.257372654155496 0.3337342152736019 0.2640750670241287 0.3361395069152135 0.26943699731903487
0 0.24353577871316898 0.2855227882037534 0.25435959110042095 0.3109919571045576 0.24894768490679497 0.3552278820375335 0.26157546602525555 0.36193029490616624 0.26337943475646425 0.35924932975871315 0.26217678893565843 0.34048257372654156 0.26578472639807577 0.3378016085790885 0.2609741431148527 0.3297587131367292 0.2639807576668671 0.306970509383378 0.26337943475646425 0.2828418230563003 0.2790138304269393 0.2479892761394102 0.28021647624774504 0.22654155495978553 0.2760072158749248 0.21849865951742628 0.2693926638604931 0.21983914209115282 0.2429344558027661 0.26541554959785524 0.2417318099819603 0.2761394101876676 0.24353577871316898 0.2855227882037534
0 0.18280216476247746 0.3726541554959786 0.17498496692723994 0.4008042895442359 0.17498496692723994 0.41420911528150134 0.18220084185207458 0.41823056300268097 0.1815995189416717 0.3967828418230563 0.19242333132892364 0.3646112600536193 0.1990378833433554 0.386058981233244 0.20144317498496694 0.41420911528150134 0.21106434155141313 0.41152815013404825 0.2038484666265785 0.3873994638069705 0.20324714371617558 0.32171581769436997 0.20565243535778716 0.3163538873994638 0.2206855081178593 0.32171581769436997 0.22188815393866507 0.3136729222520107 0.2074564040889958 0.2962466487935657 0.20926037282020446 0.26943699731903487 0.21346963319302467 0.2587131367292225 0.20986169573060734 0.24128686327077747 0.20204449789536982 0.23994638069705093 0.20024052916416116 0.24396782841823056 0.1888153938665063 0.29356568364611263 0.18460613349368613 0.32707774798927614 0.18280216476247746 0.3726541554959786
0 0.1539386650631389 0.4061662198391421 0.15995189416716776 0.43029490616621985 0.158749248346362 0.4718498659517426 0.1713770294648226 0.47319034852546915 0.16957306073361395 0.4571045576407507 0.17197835237522552 0.44906166219839144 0.16596512327119664 0.44235924932975873 0.16656644618159952 0.40214477211796246 0.17197835237522552 0.3766756032171582 0.1803968731208659 0.3646112600536193 0.18580877931449188 0.3445040214477212 0.18580877931449188 0.3351206434316354 0.1809981960312688 0.32707774798927614 0.17197835237522552 0.33109919571045576 0.16596512327119664 0.34986595174262736 0.1509320505111245 0.3726541554959786 0.14852675886951294 0.386058981233244 0.14792543595911006 0.39812332439678283 0.1539386650631389 0.4061662198391421
0 0.32591701743836443 0.4544235924932976 0.3108839446782923 0.4865951742627346 0.31689717378232113 0.4959785522788204 0.32291040288635 0.4973190348525469 0.3223090799759471 0.47989276139410186 0.3355381840048106 0.46246648793565687 0.338544798556825 0.47587131367292224 0.35117257967528565 0.4745308310991957 0.3445580276608539 0.45576407506702415 0.34395670475045104 0.4222520107238606 0.3523752254960914 0.3873994638069705 0.35959110042092607 0.386058981233244 0.35838845460012025 0.3646112600536193 0.36019242333132895 0.3552278820375335 0.3541791942273001 0.34986595174262736 0.33493686109440773 0.3579088471849866 0.317498496692724 0.39544235924932974 0.32591701743836443 0.4383378016085791 0.32591701743836443 0.4544235924932976
0 0.31569452796151537 0.6715817694369973 0.32050511124473846 0.6689008042895442 0.33253156945279616 0.6434316353887399 0.3433553818400481 0.6541554959785523 0.34636199639206255 0.7024128686327078 0.3565844858689116 0.7064343163538874 0.3589897775105232 0.7024128686327078 0.3535778713168972 0.6957104557640751 0.35057125676488277 0.6796246648793566 0.3517739025856885 0.6367292225201072 0.34876728803367407 0.6179624664879356 0.3481659651232712 0.5898123324396783 0.35598316295850874 0.546916890080429 0.354780517137703 0.5281501340482574 0.35117257967528565 0.5241286863270778 0.3457606734816597 0.5268096514745308 0.33493686109440773 0.5603217158176944 0.3150932050511125 0.6635388739946381 0.31569452796151537 0.6715817694369973
0 0.2808177991581479 0.7158176943699732 0.2687913409500902 0.7506702412868633 0.2687913409500902 0.757372654155496 0.2814191220685508 0.7640750670241288 0.27961515333734216 0.7372654155495979 0.29344558027660855 0.7037533512064343 0.3042693926638605 0.707774798927614 0.3078773301262778 0.7158176943699732 0.31148526758869516 0.754691689008043 0.31028262176788934 0.772117962466488 0.31449188214070956 0.7761394101876675 0.32351172579675286 0.7734584450402144 0.32531569452796155 0.7680965147453084 0.31569452796151537 0.7479892761394102 0.31449188214070956 0.6890080428954424 0.3090799759470836 0.6715817694369973 0.30968129885748646 0.6487935656836461 0.3199037883343355 0.5965147453083111 0.317498496692724 0.5831099195710456 0.31208659049909804 0.5804289544235925 0.30306674684305474 0.593833780160858 0.2946482260974143 0.6273458445040214 0.2874323511725797 0.6863270777479893 0.2808177991581479 0.7158176943699732
0 0.3457606734816597 0.3418230563002681 0.3607937462417318 0.3378016085790885 0.37342152736019246 0.3203753351206434 0.37702946482260974 0.29758713136729226 0.37342152736019246 0.28820375335120646 0.3668069753457607 0.28820375335120646 0.3367408298256164 0.30563002680965146 0.33493686109440773 0.33109919571045576 0.3457606734816597 0.3418230563002681
0 0.36981358989777513 0.3445040214477212 0.38244137101623576 0.3699731903485255 0.3872519542994588 0.4075067024128686 0.3938665063138906 0.4101876675603217 0.3956704750450992 0.39946380697050937 0.3896572459410704 0.37801608579088475 0.39025856885147325 0.3485254691689008 0.39506915213469634 0.32707774798927614 0.3938665063138906 0.3136729222520107 0.3884546001202646 0.3109919571045576 0.37402285027059534 0.32439678284182305 0.37161755862898377 0.32707774798927614 0.37221888153938665 0.3351206434316354 0.3656043295249549 0.3418230563002681 0.3656043295249549 0.34584450402144773 0.36981358989777513 0.3445040214477212
0 0.33253156945279616 0.306970509383378 0.35598316295850874 0.2962466487935657 0.3619963920625376 0.28820375335120646 0.3613950691521347 0.27479892761394104 0.35598316295850874 0.2613941018766756 0.3427540589296452 0.2667560321715818 0.338544798556825 0.257372654155496 0.33433553818400485 0.2613941018766756 0.32892363199037883 0.28150134048257375 0.33253156945279616 0.306970509383378