0 0.1864101022248948 0.08176943699731903 0.18701142513529767 0.10455764075067024 0.1990378833433554 0.13672922252010725 0.1900180396873121 0.18900804289544237 0.19182200841852076 0.19436997319034852 0.2038484666265785 0.1970509383378016 0.21286831028262176 0.18096514745308312 0.2164762477450391 0.18766756032171583 0.22188815393866507 0.18498659517426275 0.2164762477450391 0.17292225201072386 0.21407095610342755 0.1581769436997319 0.21888153938665064 0.13941018766756033 0.21407095610342755 0.08847184986595175 0.22369212266987373 0.054959785522788206 0.22489476849067952 0.03351206434316354 0.22008418520745643 0.020107238605898123 0.21106434155141313 0.02546916890080429 0.20926037282020446 0.040214477211796246 0.1864101022248948 0.08176943699731903
0 0.00841852074564041 0.8646112600536193 0.014431749849669273 0.8994638069705094 0.012026458208057728 0.9115281501340483 0.012026458208057728 0.9664879356568364 0.019242333132892364 0.9691689008042895 0.03307276007215875 0.953083109919571 0.03788334335538184 0.9839142091152815 0.050511124473842456 0.9812332439678284 0.050511124473842456 0.9731903485254692 0.04449789536981359 0.9691689008042895 0.0487071557426338 0.8042895442359249 0.05351773902585689 0.7962466487935657 0.05351773902585689 0.7774798927613941 0.057125676488274206 0.7640750670241288 0.05472038484666266 0.7453083109919572 0.04990980156343957 0.7372654155495979 0.040889957907396274 0.739946380697051 0.03607937462417318 0.7600536193029491 0.025856885147324114 0.7734584450402144 0.004810583283223091 0.8431635388739946 0.004810583283223091 0.8579088471849866 0.00841852074564041 0.8646112600536193
0 0.27480457005411907 0.4262734584450402 0.27480457005411907 0.4343163538873995 0.28021647624774504 0.44235924932975873 0.285628382441371 0.44235924932975873 0.2868310282621768 0.43699731903485256 0.28442573662056525 0.4316353887399464 0.28382441371016237 0.4168900804289544 0.29404690318701143 0.3820375335120644 0.3000601322910403 0.39812332439678283 0.2988574864702345 0.4168900804289544 0.3078773301262778 0.41823056300268097 0.31629585087191825 0.27882037533512066 0.31870114251352977 0.27479892761394104 0.317498496692724 0.2520107238605898 0.31148526758869516 0.24262734584450402 0.30306674684305474 0.2453083109919571 0.29825616355983164 0.2667560321715818 0.2928442573662057 0.27211796246648795 0.28923631990378834 0.28418230563002683 0.27720986169573064 0.3324396782841823 0.285628382441371 0.38471849865951746 0.27480457005411907 0.4262734584450402
0 0.3138905592303067 0.4410187667560322 0.3126879134095009 0.44906166219839144 0.32110643415514134 0.46246648793565687 0.317498496692724 0.48927613941018766 0.317498496692724 0.5013404825737265 0.32110643415514134 0.5093833780160858 0.317498496692724 0.532171581769437 0.3313289236319904 0.5361930294906166 0.3337342152736019 0.532171581769437 0.32832230907997595 0.5160857908847185 0.3361395069152135 0.47319034852546915 0.33493686109440773 0.4383378016085791 0.3319302465423933 0.42359249329758714 0.34215273601924234 0.39544235924932974 0.3427540589296452 0.3820375335120644 0.35057125676488277 0.3726541554959786 0.35117257967528565 0.3579088471849866 0.34876728803367407 0.3445040214477212 0.3445580276608539 0.339142091152815 0.3367408298256164 0.3418230563002681 0.33433553818400485 0.3552278820375335 0.3265183403487673 0.36863270777479895 0.3090799759470836 0.41823056300268097 0.3084786530366807 0.4316353887399464 0.3138905592303067 0.4410187667560322
0 0.41791942273000604 0.2667560321715818 0.4028863499699339 0.3096514745308311 0.402285027059531 0.31769436997319034 0.4149128081779916 0.32707774798927614 0.4149128081779916 0.32171581769436997 0.4281419122068551 0.3096514745308311 0.4425736620565244 0.3136729222520107 0.44317498496692725 0.3096514745308311 0.43595911004209265 0.29490616621983917 0.44167167769092003 0.26943699731903487 0.4461815995189417 0.2680965147453083 0.44016837041491286 0.2386058981233244 0.43896572459410704 0.21715817694369974 0.4425736620565244 0.2037533512064343 0.4503908598917619 0.19034852546916892 0.4515935057125677 0.1742627345844504 0.44978953698135904 0.16621983914209115 0.4461815995189417 0.16085790884718498 0.43836440168370416 0.16219839142091153 0.4335538184004811 0.18096514745308312 0.42032471437161756 0.19168900804289546 0.4113048707155743 0.2158176943699732 0.4113048707155743 0.2345844504021448 0.41791942273000604 0.2667560321715818
0 0.5165363800360794 0.2640750670241287 0.5117257967528563 0.27211796246648795 0.52916416115454 0.2734584450402145 0.5333734215273602 0.2680965147453083 0.5447985568250151 0.2680965147453083 0.5490078171978353 0.30294906166219837 0.5520144317498497 0.306970509383378 0.5562236921226699 0.3042895442359249 0.5508117859290439 0.2868632707774799 0.5502104630186411 0.2479892761394102 0.5574263379434756 0.23324396782841825 0.5586289837642815 0.21983914209115282 0.5568250150330728 0.20777479892761394 0.5201443174984968 0.19839142091152814 0.5171377029464823 0.2037533512064343 0.5111244738424534 0.2359249329758713 0.5105231509320506 0.24396782841823056 0.5165363800360794 0.2640750670241287
0 0.4810583283223091 0.34718498659517427 0.47023451593505716 0.36193029490616624 0.4594107035478052 0.36595174262734587 0.46181599518941674 0.386058981233244 0.46662657847263983 0.3873994638069705 0.4726398075766687 0.3672922252010724 0.47985568250150334 0.36863270777479895 0.48827420324714377 0.3793565683646113 0.49609140108238126 0.3793565683646113 0.508117859290439 0.3579088471849866 0.5153337342152736 0.4008042895442359 0.5219482862297053 0.4008042895442359 0.5129284425736621 0.339142091152815 0.5183403487672881 0.31501340482573725 0.5285628382441371 0.30160857908847183 0.5273601924233313 0.2801608579088472 0.5231509320505111 0.27479892761394104 0.48707155742633795 0.2761394101876676 0.4810583283223091 0.2801608579088472 0.47745039085989177 0.289544235924933 0.47564642212868313 0.3203753351206434 0.4810583283223091 0.34718498659517427
0 0.4371617558628984 0.4932975871313673 0.4365604329524955 0.5 0.43174984966927243 0.5040214477211796 0.4353577871316897 0.5134048257372654 0.43595911004209265 0.5268096514745308 0.4329524954900782 0.5348525469168901 0.43475646422128683 0.5455764075067024 0.44317498496692725 0.5495978552278821 0.4449789536981359 0.5294906166219839 0.45640408899579077 0.514745308310992 0.4636199639206254 0.49463806970509383 0.47023451593505716 0.48927613941018766 0.47985568250150334 0.532171581769437 0.48466626578472644 0.5308310991957105 0.47504509921828025 0.4745308310991957 0.48827420324714377 0.4410187667560322 0.48827420324714377 0.4262734584450402 0.48466626578472644 0.4168900804289544 0.47745039085989177 0.4128686327077748 0.4669272399278413 0.42761394101876676 0.44738424533974747 0.4343163538873995 0.4329524954900782 0.44906166219839144 0.43174984966927243 0.46782841823056304 0.4371617558628984 0.4932975871313673
0 0.4070956103427541 0.6300268096514745 0.4143114852675887 0.6554959785522788 0.41250751653638007 0.6715817694369973 0.4149128081779916 0.693029490616622 0.41250751653638007 0.7131367292225201 0.42032471437161756 0.7211796246648794 0.4275405892964522 0.7211796246648794 0.4281419122068551 0.7050938337801609 0.4239326518340349 0.7024128686327078 0.4209260372820205 0.6916890080428955 0.423331328923632 0.6729222520107239 0.428743235117258 0.6568364611260054 0.428743235117258 0.6394101876675603 0.42032471437161756 0.6099195710455764 0.42273000601322913 0.5831099195710456 0.43475646422128683 0.5214477211796247 0.42994588093806374 0.5026809651474531 0.42212868310282625 0.5013404825737265 0.4149128081779916 0.5080428954423593 0.41611545399879735 0.5254691689008043 0.4004810583283223 0.5951742627345845 0.39987973541791944 0.6327077747989276 0.4070956103427541 0.6300268096514745
0 0.4425736620565244 0.5911528150134049 0.4449789536981359 0.5991957104557641 0.44317498496692725 0.6085790884718498 0.42994588093806374 0.6273458445040214 0.42934455802766086 0.6394101876675603 0.4509921828021648 0.6206434316353887 0.4546001202645821 0.6367292225201072 0.44978953698135904 0.6528150134048257 0.46121467227901386 0.6662198391420912 0.4630186410102225 0.660857908847185 0.460613349368611 0.6434316353887399 0.46662657847263983 0.6327077747989276 0.47564642212868313 0.6273458445040214 0.4810583283223091 0.6394101876675603 0.48887552615754665 0.6273458445040214 0.49368610944076974 0.6514745308310992 0.49789536981358995 0.6568364611260054 0.5021046301864102 0.6541554959785523 0.4948887552615755 0.6327077747989276 0.48887552615754665 0.5884718498659518 0.497294046903187 0.5549597855227882 0.497294046903187 0.5375335120643432 0.4948887552615755 0.5308310991957105 0.4864702345159351 0.5294906166219839 0.48406494287432356 0.5348525469168901 0.4624173180998196 0.5455764075067024 0.44798556825015035 0.5428954423592494 0.4449789536981359 0.5482573726541555 0.4425736620565244 0.5697050938337802 0.4425736620565244 0.5911528150134049
0 0.5724594107035479 0.7319034852546917 0.5628382441371016 0.7908847184986595 0.5622369212266988 0.8525469168900804 0.5538184004810583 0.8659517426273459 0.5532170775706555 0.8726541554959786 0.5688514732411305 0.8659517426273459 0.6019242333132893 0.8820375335120644 0.6127480457005412 0.8793565683646113 0.6157546602525557 0.868632707774799 0.5989176187612748 0.7989276139410187 0.5868911605532171 0.6903485254691689 0.5796752856283824 0.6662198391420912 0.5784726398075767 0.6367292225201072 0.5670475045099218 0.6353887399463807 0.561034275405893 0.6541554959785523 0.565844858689116 0.6742627345844504 0.5724594107035479 0.7319034852546917
0 0.5177390258568851 0.6702412868632708 0.5195429945880938 0.7010723860589813 0.5159350571256766 0.7184986595174263 0.5183403487672881 0.7426273458445041 0.5153337342152736 0.792225201072386 0.5057125676488274 0.8123324396782842 0.5225496091401083 0.8083109919571045 0.5219482862297053 0.7815013404825737 0.5261575466025256 0.7439678284182306 0.529765484064943 0.7319034852546917 0.5381840048105833 0.7292225201072386 0.5466025255562237 0.7613941018766757 0.5604329524954901 0.7908847184986595 0.5628382441371016 0.7882037533512064 0.5640408899579075 0.7801608579088471 0.5520144317498497 0.7386058981233244 0.5490078171978353 0.6863270777479893 0.5435959110042092 0.6715817694369973 0.5405892964521949 0.6501340482573726 0.5315694527961515 0.6233243967828418 0.5225496091401083 0.6112600536193029 0.5183403487672881 0.5911528150134049 0.5105231509320506 0.5884718498659518 0.5069152134696332 0.5924932975871314 0.5051112447384245 0.6166219839142091 0.5177390258568851 0.6702412868632708
0 0.7847263980757667 0.40482573726541554 0.7889356584485869 0.5093833780160858 0.7859290438965725 0.514745308310992 0.7877330126277812 0.5268096514745308 0.7823211064341552 0.5375335120643432 0.7961515333734216 0.5388739946380697 0.8009621166566446 0.5160857908847185 0.8003607937462418 0.5026809651474531 0.809380637402285 0.4168900804289544 0.7931449188214071 0.3418230563002681 0.7865303668069754 0.3324396782841823 0.7805171377029465 0.3324396782841823 0.7757065544197235 0.34048257372654156 0.7793144918821407 0.3873994638069705 0.7847263980757667 0.40482573726541554
0 0.8135898977751053 0.4691689008042896 0.8141912206855082 0.46246648793565687 0.809981960312688 0.44638069705093836 0.8069753457606735 0.44235924932975873 0.8051713770294648 0.44638069705093836 0.8027660853878533 0.46782841823056304 0.8135898977751053 0.4691689008042896
0 0.7552615754660252 0.3096514745308311 0.7618761274804571 0.3190348525469169 0.7630787733012628 0.3378016085790885 0.7570655441972339 0.3445040214477212 0.7432351172579675 0.33109919571045576 0.7402285027059531 0.33378016085790885 0.7402285027059531 0.339142091152815 0.7420324714371618 0.3485254691689008 0.7582681900180397 0.36193029490616624 0.7636800962116657 0.36193029490616624 0.7720986169573061 0.3512064343163539 0.7745039085989176 0.3552278820375335 0.7757065544197235 0.3793565683646113 0.7708959711365003 0.4008042895442359 0.7714972940469033 0.4249329758713137 0.7684906794948888 0.4611260053619303 0.7582681900180397 0.47319034852546915 0.772699939867709 0.4772117962466488 0.7757065544197235 0.4745308310991957 0.7745039085989176 0.43967828418230565 0.7805171377029465 0.3672922252010724 0.778111846061335 0.3378016085790885 0.7895369813589899 0.33109919571045576 0.7720986169573061 0.29758713136729226 0.7678893565844859 0.2761394101876676 0.7600721587492484 0.2734584450402145 0.7546602525556224 0.28150134048257375 0.7528562838244137 0.2989276139410188 0.7552615754660252 0.3096514745308311
0 0.6626578472639808 0.1447721179624665 0.6626578472639808 0.15683646112600536 0.6578472639807577 0.17158176943699732 0.6596512327119664 0.2345844504021448 0.6554419723391461 0.2546916890080429 0.6957306073361396 0.25603217158176944 0.6999398677089598 0.2520107238605898 0.6993385447985568 0.23726541554959785 0.6867107636800962 0.19571045576407506 0.6831028262176789 0.15415549597855227 0.6650631389055923 0.07908847184986595 0.6602525556223693 0.07506702412868632 0.6536380036079374 0.08310991957104558 0.6530366806975346 0.09919571045576407 0.6626578472639808 0.1447721179624665
0 0.6013229104028863 0.289544235924933 0.6259771497294048 0.33646112600536193 0.6289837642814191 0.3632707774798928 0.6368009621166567 0.35924932975871315 0.6343956704750451 0.33109919571045576 0.6392062537582682 0.306970509383378 0.6374022850270595 0.28820375335120646 0.6205652435357787 0.27211796246648795 0.6073361395069152 0.2520107238605898 0.6025255562236922 0.25067024128686327 0.5995189416716777 0.27211796246648795 0.6013229104028863 0.289544235924933
0 0.6476247745039087 0.3793565683646113 0.640408899579074 0.3632707774798928 0.634996993385448 0.3766756032171582 0.6374022850270595 0.3820375335120644 0.6476247745039087 0.3793565683646113
0 0.6157546602525557 0.26273458445040215 0.6374022850270595 0.2868632707774799 0.6416115453998797 0.2855227882037534 0.6434155141310884 0.2707774798927614 0.6368009621166567 0.25335120643431636 0.6283824413710163 0.24396782841823056 0.608538785327721 0.2359249329758713 0.608538785327721 0.24932975871313673 0.6157546602525557 0.26273458445040215
0 0.5886951292844258 0.3257372654155496 0.592904389657246 0.34584450402144773 0.5838845460012027 0.3552278820375335 0.5826819001803969 0.36193029490616624 0.5892964521948286 0.3646112600536193 0.5923030667468431 0.37131367292225204 0.5989176187612748 0.39946380697050937 0.6019242333132893 0.43029490616621985 0.608538785327721 0.435656836461126 0.6121467227901384 0.4168900804289544 0.6169573060733614 0.41823056300268097 0.6181599518941672 0.41420911528150134 0.6109440769693326 0.3833780160857909 0.6259771497294048 0.36863270777479895 0.6271797955502105 0.3485254691689008 0.6235718580877931 0.3324396782841823 0.5995189416716777 0.2989276139410188 0.5941070354780518 0.2828418230563003 0.58749248346362 0.2801608579088472 0.5808779314491882 0.29088471849865954 0.5814792543595911 0.3109919571045576 0.5886951292844258 0.3257372654155496
0 0.5466025255562237 0.43967828418230565 0.5514131088394468 0.42091152815013405 0.5466025255562237 0.4168900804289544 0.5460012026458209 0.4262734584450402 0.5435959110042092 0.4289544235924933 0.5429945880938064 0.44235924932975873 0.5466025255562237 0.43967828418230565
0 0.5466025255562237 0.36595174262734587 0.5496091401082381 0.386058981233244 0.5466025255562237 0.40214477211796246 0.5484064942874324 0.40884718498659517 0.5544197233914613 0.4101876675603217 0.5574263379434756 0.3873994638069705 0.5688514732411305 0.3873994638069705 0.5724594107035479 0.39946380697050937 0.5826819001803969 0.4008042895442359 0.5953096812988575 0.41823056300268097 0.597714972940469 0.41420911528150134 0.5959110042092604 0.3900804289544236 0.5935057125676488 0.3820375335120644 0.5832832230907998 0.3699731903485255 0.5814792543595911 0.35924932975871315 0.5724594107035479 0.3552278820375335 0.5646422128683103 0.34316353887399464 0.555622369212267 0.3445040214477212 0.5538184004810583 0.353887399463807 0.5466025255562237 0.36595174262734587
0 0.5652435357787132 0.41420911528150134 0.5706554419723392 0.43967828418230565 0.566446181599519 0.45308310991957107 0.5670475045099218 0.4664879356568365 0.5760673481659652 0.5040214477211796 0.5724594107035479 0.5281501340482574 0.565844858689116 0.5361930294906166 0.5826819001803969 0.5415549597855228 0.5850871918220084 0.5388739946380697 0.5844858689116056 0.5308310991957105 0.5886951292844258 0.5254691689008043 0.6055321707757065 0.5428954423592494 0.6061334936861095 0.5495978552278821 0.6025255562236922 0.5630026809651475 0.6061334936861095 0.5656836461126006 0.6115453998797354 0.5603217158176944 0.6169573060733614 0.5482573726541555 0.6169573060733614 0.5375335120643432 0.598316295850872 0.514745308310992 0.598316295850872 0.5013404825737265 0.6091401082381239 0.4664879356568365 0.6043295249549008 0.4383378016085791 0.5989176187612748 0.42359249329758714 0.5700541190619363 0.386058981233244 0.5604329524954901 0.38471849865951746 0.5586289837642815 0.3900804289544236 0.5580276608538786 0.40482573726541554 0.5652435357787132 0.41420911528150134