0 0.6078231292517007 0.26142857142857145 0.6125850340136054 0.2714285714285714 0.6122448979591836 0.30642857142857144 0.6085034013605441 0.3157142857142857 0.6081632653061224 0.32071428571428573 0.6129251700680272 0.32071428571428573 0.6170068027210884 0.3142857142857143 0.6170068027210884 0.27785714285714286 0.619047619047619 0.26571428571428574 0.6244897959183673 0.2692857142857143 0.6282312925170067 0.28714285714285714 0.6312925170068027 0.3157142857142857 0.6329931972789116 0.3192857142857143 0.6360544217687074 0.31857142857142856 0.6374149659863945 0.31357142857142856 0.6299319727891156 0.26571428571428574 0.6316326530612244 0.24428571428571427 0.633673469387755 0.23642857142857143 0.6333333333333333 0.22642857142857142 0.6312925170068027 0.22 0.6285714285714286 0.21785714285714286 0.6268707482993197 0.20357142857142857 0.6183673469387755 0.18142857142857144 0.6125850340136054 0.18142857142857144 0.6071428571428571 0.19214285714285714 0.6061224489795918 0.24142857142857144 0.6078231292517007 0.26142857142857145
0 0.5605442176870747 0.34785714285714286 0.5666666666666667 0.36642857142857144 0.567687074829932 0.38 0.5659863945578231 0.3964285714285714 0.5673469387755101 0.41 0.5666666666666667 0.4407142857142857 0.5656462585034013 0.44642857142857145 0.5595238095238095 0.45357142857142857 0.5710884353741497 0.465 0.5789115646258503 0.4642857142857143 0.5816326530612245 0.46 0.5795918367346938 0.4207142857142857 0.5833333333333333 0.4042857142857143 0.5891156462585033 0.39714285714285713 0.5887755102040816 0.37642857142857145 0.5785714285714285 0.3485714285714286 0.5714285714285714 0.3342857142857143 0.5707482993197278 0.32357142857142857 0.5639455782312924 0.3192857142857143 0.5605442176870747 0.3242857142857143 0.558843537414966 0.33785714285714286 0.5605442176870747 0.34785714285714286
0 0.6476190476190475 0.46714285714285714 0.6517006802721088 0.48428571428571426 0.6489795918367347 0.5021428571428571 0.6425170068027211 0.5185714285714286 0.6428571428571428 0.525 0.6465986394557822 0.53 0.6527210884353741 0.53 0.6551020408163265 0.5357142857142857 0.6588435374149659 0.5571428571428572 0.6629251700680272 0.565 0.6588435374149659 0.5814285714285714 0.6595238095238095 0.5828571428571429 0.6710884353741496 0.5814285714285714 0.6714285714285714 0.575 0.6632653061224489 0.535 0.6680272108843537 0.52 0.6751700680272108 0.505 0.6761904761904761 0.5007142857142857 0.6755102040816326 0.49214285714285716 0.6517006802721088 0.4307142857142857 0.6472789115646258 0.43 0.6438775510204081 0.43357142857142855 0.641156462585034 0.44357142857142856 0.6418367346938775 0.45571428571428574 0.6476190476190475 0.46714285714285714
0 0.7034013605442176 0.5657142857142857 0.7085034013605441 0.6471428571428571 0.7074829931972788 0.6507142857142857 0.7210884353741496 0.6507142857142857 0.7244897959183673 0.655 0.7248299319727891 0.6592857142857143 0.7221088435374149 0.6692857142857143 0.7187074829931972 0.675 0.7221088435374149 0.6778571428571428 0.7309523809523809 0.675 0.7326530612244897 0.6714285714285714 0.7326530612244897 0.6642857142857143 0.729251700680272 0.655 0.7272108843537415 0.6392857142857142 0.7238095238095238 0.6264285714285714 0.7268707482993196 0.6185714285714285 0.733673469387755 0.6092857142857143 0.7377551020408163 0.5985714285714285 0.7363945578231292 0.5842857142857143 0.7115646258503401 0.5421428571428571 0.7074829931972788 0.53 0.6996598639455782 0.5292857142857142 0.6959183673469387 0.535 0.6952380952380952 0.5392857142857143 0.6959183673469387 0.5578571428571428 0.7034013605442176 0.5657142857142857
0 0.9268707482993197 0.635 0.9299319727891155 0.6471428571428571 0.9340136054421768 0.6728571428571428 0.9261904761904761 0.6957142857142857 0.927891156462585 0.7 0.9309523809523809 0.6985714285714286 0.9343537414965986 0.7021428571428572 0.9289115646258502 0.7271428571428571 0.9295918367346938 0.7685714285714286 0.9268707482993197 0.7778571428571428 0.922108843537415 0.7828571428571428 0.9204081632653061 0.7892857142857143 0.9248299319727891 0.7928571428571428 0.9353741496598639 0.7928571428571428 0.9370748299319728 0.79 0.9363945578231292 0.7392857142857143 0.9401360544217686 0.7371428571428571 0.9489795918367346 0.7514285714285714 0.9591836734693877 0.7585714285714286 0.9625850340136054 0.765 0.9659863945578231 0.7828571428571428 0.9704081632653061 0.785 0.9731292517006802 0.7771428571428571 0.9738095238095238 0.7578571428571429 0.9704081632653061 0.7535714285714286 0.9636054421768707 0.7528571428571429 0.95 0.7357142857142858 0.9510204081632653 0.7135714285714285 0.9564625850340135 0.6957142857142857 0.95 0.675 0.9462585034013605 0.6414285714285715 0.9435374149659863 0.6342857142857142 0.9394557823129251 0.6121428571428571 0.9360544217687075 0.605 0.9282312925170068 0.6042857142857143 0.9244897959183673 0.61 0.922108843537415 0.6185714285714285 0.923469387755102 0.6292857142857143 0.9268707482993197 0.635
0 0.45578231292517 0.47 0.45986394557823124 0.47928571428571426 0.4625850340136054 0.4807142857142857 0.4619047619047619 0.49357142857142855 0.45782312925170066 0.5185714285714286 0.4595238095238095 0.5278571428571428 0.46122448979591835 0.5157142857142857 0.4636054421768707 0.5114285714285715 0.46564625850340136 0.5007142857142857 0.48707482993197276 0.5214285714285715 0.4877551020408163 0.5257142857142857 0.4914965986394558 0.5235714285714286 0.4942176870748299 0.515 0.4986394557823129 0.5157142857142857 0.5047619047619047 0.5214285714285715 0.5119047619047619 0.5207142857142857 0.5119047619047619 0.5157142857142857 0.5054421768707482 0.5128571428571429 0.4959183673469387 0.4992857142857143 0.4962585034013605 0.49357142857142855 0.5003401360544217 0.4807142857142857 0.5010204081632653 0.465 0.4996598639455782 0.455 0.495578231292517 0.44785714285714284 0.4884353741496598 0.44642857142857145 0.4806122448979592 0.4521428571428571 0.4724489795918367 0.45357142857142857 0.4632653061224489 0.44571428571428573 0.45986394557823124 0.44571428571428573 0.4561224489795918 0.45071428571428573 0.45442176870748296 0.4585714285714286 0.4540816326530612 0.4642857142857143 0.45578231292517 0.47
0 0.5037414965986394 0.5585714285714286 0.5102040816326531 0.5764285714285714 0.5105442176870748 0.5885714285714285 0.5081632653061224 0.6014285714285714 0.5068027210884354 0.6271428571428571 0.5051020408163265 0.6307142857142857 0.5051020408163265 0.6364285714285715 0.5088435374149659 0.6335714285714286 0.5102040816326531 0.615 0.5136054421768708 0.6092857142857143 0.5153061224489796 0.5864285714285714 0.5180272108843537 0.5807142857142857 0.5200680272108843 0.5814285714285714 0.524829931972789 0.5921428571428572 0.5285714285714286 0.5957142857142858 0.529251700680272 0.6085714285714285 0.5316326530612244 0.6128571428571429 0.5370748299319728 0.6135714285714285 0.5387755102040815 0.6057142857142858 0.5414965986394558 0.605 0.557142857142857 0.6114285714285714 0.5608843537414966 0.6228571428571429 0.5642857142857143 0.6235714285714286 0.5666666666666667 0.61 0.5448979591836735 0.5871428571428572 0.5469387755102041 0.55 0.5442176870748299 0.535 0.5408163265306122 0.5271428571428571 0.5377551020408163 0.525 0.5047619047619047 0.525 0.49795918367346936 0.5292857142857142 0.495578231292517 0.5364285714285715 0.4952380952380952 0.5464285714285714 0.5037414965986394 0.5585714285714286
0 0.5258503401360544 0.6514285714285715 0.5251700680272109 0.6678571428571428 0.5197278911564626 0.6921428571428572 0.5207482993197279 0.6957142857142857 0.5197278911564626 0.7014285714285714 0.5180272108843537 0.7028571428571428 0.5187074829931972 0.7042857142857143 0.5224489795918367 0.7028571428571428 0.5231292517006803 0.6964285714285714 0.5295918367346938 0.6785714285714286 0.532312925170068 0.6614285714285715 0.541156462585034 0.6671428571428571 0.5401360544217687 0.6714285714285714 0.5428571428571428 0.6821428571428572 0.5537414965986395 0.7035714285714286 0.5598639455782313 0.6992857142857143 0.5625850340136054 0.6892857142857143 0.5666666666666667 0.6878571428571428 0.569047619047619 0.6878571428571428 0.5738095238095238 0.6978571428571428 0.573469387755102 0.7035714285714286 0.5772108843537415 0.7035714285714286 0.5843537414965986 0.6857142857142857 0.5812925170068027 0.6778571428571428 0.564625850340136 0.6721428571428572 0.564625850340136 0.6607142857142857 0.5673469387755101 0.6471428571428571 0.5673469387755101 0.6392857142857142 0.5642857142857143 0.6257142857142857 0.5612244897959183 0.6207142857142857 0.5342404761904761 0.6142857142857143 0.5241496598639456 0.6057142857142858 0.5187074829931972 0.6078571428571429 0.5156462585034013 0.6192857142857143 0.5156462585034013 0.6292857142857143 0.5258503401360544 0.6514285714285715
0 0.5391156462585034 0.7371428571428571 0.5397959183673469 0.745 0.5465986394557822 0.7607142857142857 0.5455782312925169 0.8 0.5397959183673469 0.8171428571428572 0.5397959183673469 0.8207142857142857 0.5431972789115646 0.8228571428571428 0.5465986394557822 0.82 0.5469387755102041 0.8107142857142857 0.5489795918367346 0.8071428571428572 0.5517006802721088 0.7864285714285715 0.551360544217687 0.7614285714285715 0.5534013605442176 0.7564285714285715 0.5585034013605442 0.7542857142857143 0.5639455782312924 0.7592857142857142 0.5642857142857143 0.7828571428571428 0.569047619047619 0.7964285714285714 0.5758503401360544 0.8042857142857143 0.5782312925170068 0.8107142857142857 0.5829931972789115 0.8107142857142857 0.5874149659863945 0.8142857142857143 0.5857142857142856 0.8242857142857143 0.5863945578231292 0.8278571428571428 0.5901360544217686 0.8278571428571428 0.5959183673469387 0.8171428571428572 0.595578231292517 0.8107142857142857 0.5884353741496599 0.7971428571428572 0.5860544217687075 0.7957142857142857 0.5812925170068027 0.7814285714285715 0.5772108843537415 0.7757142857142857 0.5772108843537415 0.7671428571428571 0.5802721088435374 0.755 0.5806122448979592 0.7478571428571429 0.5826530612244898 0.7442857142857143 0.5795918367346938 0.7271428571428571 0.573469387755102 0.715 0.5642857142857143 0.7085714285714285 0.5605442176870747 0.7021428571428572 0.557142857142857 0.7021428571428572 0.5591836734693877 0.705 0.5578231292517006 0.7107142857142857 0.5469387755102041 0.7157142857142857 0.5435374149659864 0.7042857142857143 0.5391156462585034 0.7028571428571428 0.5357142857142857 0.7057142857142857 0.5343537414965986 0.7128571428571429 0.5343537414965986 0.7264285714285714 0.5391156462585034 0.7371428571428571
0 0.3836734693877551 0.5307142857142857 0.3843537414965986 0.5378571428571428 0.3765306122448979 0.55 0.36972789115646254 0.5535714285714286 0.3683673469387755 0.5585714285714286 0.3693877551020408 0.565 0.3748299319727891 0.5742857142857143 0.3802721088435374 0.5764285714285714 0.38129251700680267 0.57 0.3789115646258503 0.5642857142857143 0.3843537414965986 0.555 0.3986394557823129 0.5414285714285715 0.40306122448979587 0.5435714285714286 0.404421768707483 0.5592857142857143 0.40986394557823125 0.545 0.4156462585034013 0.5364285714285715 0.41020408163265304 0.5092857142857142 0.41020408163265304 0.49857142857142855 0.4149659863945578 0.4857142857142857 0.41666666666666663 0.4764285714285714 0.42176870748299317 0.4714285714285714 0.4227891156462585 0.4657142857142857 0.42176870748299317 0.45357142857142857 0.4170068027210884 0.4471428571428571 0.4095238095238095 0.44857142857142857 0.4054421768707483 0.4614285714285714 0.39489795918367343 0.4735714285714286 0.3799319727891156 0.5014285714285714 0.3789115646258503 0.52 0.3836734693877551 0.5307142857142857
0 0.327891156462585 0.42428571428571427 0.32346938775510203 0.45071428571428573 0.3183673469387755 0.4564285714285714 0.3105442176870748 0.47214285714285714 0.3074829931972789 0.4835714285714286 0.3105442176870748 0.49 0.3153061224489796 0.4928571428571429 0.31632653061224486 0.4907142857142857 0.31632653061224486 0.47785714285714287 0.3193877551020408 0.4707142857142857 0.32959183673469383 0.4592857142857143 0.3336734693877551 0.4492857142857143 0.3363945578231292 0.435 0.3391156462585034 0.43357142857142855 0.34591836734693876 0.44142857142857145 0.35034013605442177 0.4685714285714286 0.3517006802721088 0.48642857142857143 0.35612244897959183 0.48928571428571427 0.3608843537414966 0.48857142857142855 0.35578231292517004 0.4657142857142857 0.35340136054421767 0.42928571428571427 0.34897959183673466 0.4085714285714286 0.3496598639455782 0.39071428571428574 0.35918367346938773 0.36357142857142855 0.36020408163265305 0.35214285714285715 0.35918367346938773 0.34214285714285714 0.35544217687074825 0.33714285714285713 0.3486394557823129 0.3385714285714286 0.3442176870748299 0.35642857142857143 0.3408163265306122 0.36214285714285716 0.33401360544217684 0.3821428571428571 0.327891156462585 0.40785714285714286 0.327891156462585 0.42428571428571427
0 0.314625850340136 0.3692857142857143 0.314625850340136 0.3514285714285714 0.3217687074829932 0.33285714285714285 0.32857142857142857 0.32071428571428573 0.3299319727891156 0.3142857142857143 0.34183673469387754 0.3271428571428571 0.3435374149659864 0.345 0.34523809523809523 0.35214285714285715 0.3465986394557823 0.35 0.3486394557823129 0.3385714285714286 0.3472789115646258 0.32357142857142857 0.3486394557823129 0.30642857142857144 0.3465986394557823 0.2892857142857143 0.35136054421768703 0.2642857142857143 0.35918367346938773 0.24285714285714285 0.3595238095238095 0.2292857142857143 0.3571428571428571 0.22285714285714286 0.35136054421768703 0.22142857142857142 0.3496598639455782 0.22357142857142856 0.3462585034013605 0.2357142857142857 0.3391156462585034 0.24214285714285713 0.33163265306122447 0.26 0.3302721088435374 0.27071428571428574 0.32448979591836735 0.28285714285714286 0.32380952380952377 0.2985714285714286 0.31972789115646255 0.32071428571428573 0.3170068027210884 0.325 0.31258503401360543 0.3435714285714286 0.3064625850340136 0.36 0.3071428571428571 0.3692857142857143 0.314625850340136 0.3692857142857143
0 0.245578231292517 0.64 0.241156462585034 0.6485714285714286 0.23741496598639455 0.6628571428571428 0.23775510204081632 0.6678571428571428 0.24183673469387754 0.6721428571428572 0.25170068027210885 0.6714285714285714 0.2520408163265306 0.6678571428571428 0.24727891156462584 0.6578571428571428 0.2496598639455782 0.645 0.2520408163265306 0.6421428571428571 0.2523809523809524 0.635 0.2574829931972789 0.6228571428571429 0.26122448979591834 0.6 0.26598639455782314 0.5857142857142857 0.2670068027210884 0.5685714285714286 0.27210884353741494 0.5585714285714286 0.2758503401360544 0.5557142857142857 0.2792517006802721 0.5557142857142857 0.2819727891156462 0.5607142857142857 0.28299319727891153 0.5671428571428572 0.2860544217687075 0.5692857142857143 0.2894557823129251 0.5678571428571428 0.29489795918367345 0.56 0.29489795918367345 0.555 0.2972789115646258 0.5507142857142857 0.29693877551020403 0.5464285714285714 0.29047619047619044 0.5528571428571428 0.28027210884353737 0.5435714285714286 0.28367346938775506 0.5285714285714286 0.2897959183673469 0.515 0.2897959183673469 0.5035714285714286 0.28843537414965986 0.49857142857142855 0.2833333333333333 0.49214285714285716 0.27755102040816326 0.4942857142857143 0.2744897959183673 0.5057142857142857 0.267687074829932 0.515 0.25816326530612244 0.5392857142857143 0.25102040816326526 0.5642857142857143 0.25102040816326526 0.6128571428571429 0.245578231292517 0.64
0 0.25918367346938775 0.685 0.260204081632653 0.7385714285714285 0.26190476190476186 0.7414285714285714 0.2751700680272109 0.7407142857142857 0.2751700680272109 0.7342857142857143 0.2717687074829932 0.7314285714285714 0.27210884353741494 0.7257142857142858 0.27619047619047615 0.7207142857142858 0.2751700680272109 0.7185714285714285 0.28061224489795916 0.5942857142857143 0.28367346938775506 0.575 0.28299319727891153 0.5635714285714286 0.28027210884353737 0.5585714285714286 0.2748299319727891 0.5571428571428572 0.26870748299319724 0.565 0.2680272108843537 0.5785714285714286 0.2608843537414966 0.5985714285714285 0.2571428571428571 0.6228571428571429 0.2537414965986394 0.635 0.2534013605442177 0.6464285714285715 0.25918367346938775 0.685
0 0.4877551020408163 0.9942857142857143 0.4884353741496598 0.9992857142857143 0.5197278911564626 0.9992857142857143 0.5214285714285714 0.9807142857142858 0.5258503401360544 0.9735714285714285 0.5176870748299319 0.9535714285714286 0.5180272108843537 0.9328571428571428 0.5200680272108843 0.9185714285714286 0.5227891156462585 0.9142857142857143 0.5210884353741496 0.905 0.5244897959183673 0.8857142857142857 0.5244897959183673 0.8771428571428571 0.5227891156462585 0.8707142857142857 0.5153061224489796 0.8671428571428571 0.5119047619047619 0.8714285714285714 0.5088435374149659 0.8921428571428571 0.5027210884353741 0.9007142857142857 0.4986394557823129 0.9178571428571428 0.49013605442176866 0.9664285714285714 0.49013605442176866 0.9821428571428571 0.4877551020408163 0.9942857142857143
0 0.4333333333333333 0.7421428571428571 0.43163265306122445 0.7528571428571429 0.42857142857142855 0.7507142857142857 0.4272108843537415 0.7578571428571429 0.42857142857142855 0.765 0.43299319727891156 0.7635714285714286 0.43265306122448977 0.7864285714285715 0.44591836734693874 0.7921428571428571 0.4632653061224489 0.7728571428571429 0.4663265306122449 0.7821428571428571 0.4704081632653061 0.7814285714285715 0.47074829931972784 0.7785714285714286 0.46530612244897956 0.7578571428571429 0.4639455782312925 0.7253571428571428 0.4744897959183673 0.6828571428571428 0.4738095238095238 0.6685714285714286 0.47074829931972784 0.6635714285714286 0.4636054421768707 0.6607142857142857 0.46088435374149656 0.6628571428571428 0.4564625850340136 0.6735714285714286 0.4312925170068027 0.6978571428571428 0.4268707482993197 0.7064285714285714 0.42551020408163265 0.7128571428571429 0.42517006802721086 0.7207142857142858 0.4333333333333333 0.7421428571428571
0 0.404421768707483 0.5814285714285714 0.4091836734693877 0.58 0.41088435374149657 0.5871428571428572 0.4051020408163265 0.61 0.40680272108843535 0.615 0.41122448979591836 0.6164285714285714 0.4193877551020408 0.5971428571428572 0.43911564625850336 0.5628571428571428 0.4445578231292517 0.5571428571428572 0.44591836734693874 0.5507142857142857 0.445578231292517 0.5314285714285715 0.4510204081632653 0.5271428571428571 0.4520408163265306 0.5214285714285715 0.44931972789115643 0.5135714285714286 0.4408163265306122 0.5121428571428571 0.41088435374149657 0.5457142857142857 0.4061224489795918 0.5571428571428572 0.40374149659863945 0.5742857142857143 0.404421768707483 0.5814285714285714
0 0.42857142857142855 0.5942857142857143 0.4333333333333333 0.5914285714285714 0.436734693877551 0.5835714285714285 0.4397959183673469 0.5821428571428572 0.44285714285714284 0.5842857142857143 0.4530612244897959 0.6057142857142858 0.4632653061224489 0.6135714285714285 0.47074829931972784 0.5442857142857143 0.46734693877551015 0.5378571428571428 0.4629251700680272 0.5371428571428571 0.4577380952380952 0.545 0.45136054421768707 0.5457142857142857 0.42857142857142855 0.5778571428571428 0.42551020408163265 0.5878571428571429 0.42857142857142855 0.5942857142857143
0 0.41734693877551016 0.7442857142857143 0.42448979591836733 0.7492857142857143 0.42857142857142855 0.7478571428571429 0.4258503401360544 0.7428571428571429 0.42482993197278907 0.7342857142857143 0.4268707482993197 0.7307142857142858 0.4261904761904762 0.7235714285714285 0.4214285714285714 0.7228571428571429 0.4149659863945578 0.7321428571428571 0.4149659863945578 0.7407142857142857 0.41734693877551016 0.7442857142857143
0 0.4183673469387755 0.675 0.4231292517006802 0.6864285714285714 0.42517006802721086 0.6971428571428572 0.42448979591836733 0.7028571428571428 0.427891156462585 0.7028571428571428 0.4527210884353741 0.6735714285714286 0.45578231292517 0.6621428571428571 0.45986394557823124 0.6607142857142857 0.458843537414966 0.6471428571428571 0.4632653061224489 0.6342857142857142 0.4632653061224489 0.6192857142857143 0.45986394557823124 0.6185714285714285 0.4540816326530612 0.6264285714285714 0.44931972789115643 0.6214285714285714 0.42482993197278907 0.6357142857142857 0.4193877551020408 0.6428571428571429 0.4153061224489796 0.6571428571428571 0.41428571428571426 0.6714285714285714 0.4183673469387755 0.675
0 0.41768707482993195 0.645 0.44931972789115643 0.6228571428571429 0.4486394557823129 0.6185714285714285 0.45034013605442175 0.6107142857142858 0.4540816326530612 0.6057142857142858 0.45578231292517 0.5921428571428572 0.4540816326530612 0.5814285714285714 0.44591836734693874 0.5764285714285714 0.43809523809523804 0.58 0.43299319727891156 0.5885714285714285 0.42857142857142855 0.5892857142857143 0.4170068027210884 0.6057142857142858 0.4129251700680272 0.6121428571428571 0.4105442176870748 0.6214285714285714 0.41020408163265304 0.6364285714285715 0.41768707482993195 0.645