0 0.7540816326530612 0.7063037249283668 0.7547619047619047 0.7163323782234957 0.7588435374149659 0.7277936962750716 0.7622448979591836 0.8373925501432664 0.7595238095238095 0.8416905444126074 0.764625850340136 0.8481375358166189 0.7680272108843537 0.8467048710601719 0.7707482993197279 0.8409742120343839 0.7717687074829932 0.8259312320916905 0.7799319727891156 0.832378223495702 0.7816326530612244 0.836676217765043 0.7863945578231292 0.83810888252149 0.7887755102040815 0.8359598853868194 0.7897959183673469 0.8244985673352435 0.7799319727891156 0.7879656160458453 0.7812925170068027 0.7786532951289398 0.7884353741496598 0.7686246418338109 0.7884353741496598 0.747134670487106 0.7636054421768707 0.6790830945558739 0.7574829931972789 0.6762177650429799 0.7540816326530612 0.6790830945558739 0.751360544217687 0.6876790830945558 0.7510204081632652 0.6948424068767908 0.7540816326530612 0.7063037249283668
0 0.6867346938775509 0.6275071633237822 0.6901360544217686 0.6332378223495702 0.6935374149659863 0.6504297994269341 0.695578231292517 0.6755014326647564 0.695578231292517 0.6898280802292264 0.6928571428571428 0.6926934097421203 0.692517006802721 0.6969914040114613 0.6976190476190476 0.7027220630372493 0.7034013605442176 0.7012893982808023 0.7064625850340136 0.7048710601719197 0.710204081632653 0.6984240687679083 0.7105442176870748 0.6855300859598854 0.7078231292517007 0.6454154727793696 0.7105442176870748 0.6296561604584527 0.7112244897959183 0.6088825214899714 0.7129251700680271 0.6017191977077364 0.7098639455782313 0.5666189111747851 0.7003401360544217 0.5393982808022922 0.695578231292517 0.5351002865329513 0.6911564625850339 0.5372492836676218 0.6884353741496598 0.5429799426934098 0.6874149659863945 0.5515759312320917 0.6891156462585033 0.563753581661891 0.6870748299319728 0.5709169054441261 0.6891156462585033 0.5967048710601719 0.6867346938775509 0.6275071633237822
0 0.6340136054421768 0.48782234957020054 0.6333333333333333 0.4978510028653295 0.6370748299319727 0.5100286532951289 0.6408163265306122 0.5150429799426934 0.6428571428571428 0.5250716332378224 0.6428571428571428 0.5315186246418337 0.641156462585034 0.5372492836676218 0.641156462585034 0.5651862464183381 0.6431972789115645 0.5744985673352435 0.6431972789115645 0.586676217765043 0.6452380952380952 0.5916905444126074 0.6438775510204081 0.5959885386819485 0.6329931972789116 0.6024355300859598 0.6346938775510204 0.6088825214899714 0.636734693877551 0.6095988538681948 0.6462585034013605 0.6038681948424068 0.6476190476190475 0.6203438395415473 0.6537414965986394 0.6189111747851003 0.6551020408163265 0.6160458452722063 0.6544217687074829 0.6017191977077364 0.6489795918367347 0.5744985673352435 0.6513605442176871 0.563753581661891 0.660204081632653 0.5415472779369628 0.6605442176870748 0.5336676217765043 0.6561224489795918 0.5200573065902578 0.6551020408163265 0.5071633237822349 0.6438775510204081 0.47421203438395415 0.6377551020408163 0.4656160458452722 0.6316326530612244 0.4677650429799427 0.6309523809523809 0.48424068767908307 0.6340136054421768 0.48782234957020054
0 0.6299319727891156 0.5050143266475644 0.6346938775510204 0.5343839541547277 0.6299319727891156 0.5501432664756447 0.6340136054421768 0.5501432664756447 0.6374149659863945 0.5465616045845272 0.6387755102040816 0.5393982808022922 0.6374149659863945 0.5143266475644699 0.6302721088435373 0.48710601719197705 0.627891156462585 0.4935530085959885 0.6265306122448979 0.501432664756447 0.6299319727891156 0.5050143266475644
0 0.6207482993197279 0.43553008595988535 0.6258503401360543 0.4591690544412607 0.6231292517006802 0.47707736389684813 0.6275510204081632 0.4785100286532951 0.6309523809523809 0.4663323782234957 0.6350340136054421 0.4641833810888252 0.6404761904761904 0.4670487106017192 0.6435374149659864 0.47277936962750716 0.6452380952380952 0.47206303724928367 0.6462585034013605 0.4663323782234957 0.6445578231292517 0.4584527220630372 0.6350340136054421 0.4290830945558739 0.6306122448979592 0.42191977077363896 0.6282312925170067 0.41189111747851004 0.623469387755102 0.4068767908309455 0.6200680272108843 0.407593123209169 0.6173469387755102 0.41189111747851004 0.6180272108843538 0.4312320916905444 0.6207482993197279 0.43553008595988535
0 0.48571428571428565 0.6712034383954154 0.5030612244897958 0.6812320916905444 0.5051020408163265 0.6876790830945558 0.5061224489795918 0.7120343839541547 0.5149659863945578 0.7270773638968481 0.5200680272108843 0.7270773638968481 0.5214285714285714 0.7199140401146131 0.5149659863945578 0.7106017191977078 0.5159863945578231 0.6812320916905444 0.520578231292517 0.671919770773639 0.5224489795918367 0.671919770773639 0.5180272108843537 0.6511461318051576 0.49795918367346936 0.6339541547277937 0.4908163265306122 0.6361031518624641 0.4874149659863945 0.6303724928366762 0.482312925170068 0.6332378223495702 0.4806122448979592 0.6375358166189111 0.4799319727891156 0.6439828080229226 0.48571428571428565 0.6712034383954154
0 0.48401360544217686 0.6196275071633237 0.48911564625850334 0.6067335243553008 0.49013605442176866 0.5967048710601719 0.4877551020408163 0.5873925501432664 0.4802721088435374 0.6160458452722063 0.4806122448979592 0.6217765042979942 0.48401360544217686 0.6196275071633237
0 0.4809523809523809 0.5573065902578797 0.4836734693877551 0.5616045845272206 0.48401360544217686 0.5716332378223495 0.4877551020408163 0.5830945558739254 0.4948979591836734 0.585243553008596 0.4993197278911564 0.5931232091690545 0.5057823129251701 0.6131805157593123 0.5085034013605442 0.6146131805157593 0.514625850340136 0.6260744985673352 0.5159863945578231 0.6361031518624641 0.5139455782312925 0.6439828080229226 0.5227891156462585 0.6439828080229226 0.523469387755102 0.6368194842406877 0.5125850340136054 0.6067335243553008 0.5136054421768708 0.5981375358166189 0.519047619047619 0.579512893982808 0.5200680272108843 0.563753581661891 0.5183673469387755 0.5565902578796561 0.5122448979591836 0.5479942693409742 0.486734693877551 0.5293696275071633 0.4806122448979592 0.5308022922636103 0.4772108843537415 0.5401146131805158 0.4775510204081632 0.5573065902578797 0.4809523809523809 0.5573065902578797
0 0.4670068027210884 0.4906876790830945 0.47108843537414963 0.4906876790830945 0.47891156462585033 0.5114613180515759 0.47857142857142854 0.5207736389684814 0.4799319727891156 0.5286532951289398 0.4897959183673469 0.5265042979942693 0.5020408163265305 0.4921203438395415 0.5017006802721088 0.48424068767908307 0.4982993197278911 0.47707736389684813 0.4931972789115646 0.47492836676217765 0.4880952380952381 0.4677650429799427 0.4765306122448979 0.4663323782234957 0.4741496598639455 0.4684813753581662 0.4666666666666666 0.46489971346704867 0.4629251700680272 0.4699140401146132 0.4632653061224489 0.4828080229226361 0.4670068027210884 0.4906876790830945
0 0.4343537414965986 0.43553008595988535 0.4387755102040816 0.4455587392550143 0.4374149659863945 0.47206303724928367 0.4397959183673469 0.4713467048710602 0.4421768707482993 0.45630372492836674 0.44625850340136053 0.4498567335243553 0.4486394557823129 0.45343839541547276 0.44999999999999996 0.4634670487106017 0.4581632653061224 0.47206303724928367 0.45986394557823124 0.47206303724928367 0.4625850340136054 0.4656160458452722 0.4704081632653061 0.4598853868194842 0.4724489795918367 0.4455587392550143 0.47176870748299315 0.4297994269340974 0.46802721088435373 0.4183381088825215 0.4615646258503401 0.4154727793696275 0.4540816326530612 0.42120343839541546 0.44812925170068024 0.42191977077363896 0.43945578231292515 0.41260744985673353 0.43571428571428567 0.4140401146131805 0.4343537414965986 0.417621776504298 0.4333333333333333 0.4290830945558739 0.4343537414965986 0.43553008595988535
0 0.5231292517006803 0.32163323782234954 0.524829931972789 0.336676217765043 0.5312925170068027 0.34169054441260743 0.5316326530612244 0.35816618911174786 0.5289115646258503 0.3660458452722063 0.5295918367346938 0.36891117478510027 0.5350340136054421 0.37177650429799425 0.5357142857142857 0.3875358166189112 0.5374149659863945 0.3954154727793696 0.5357142857142857 0.42191977077363896 0.529251700680272 0.43553008595988535 0.5397959183673469 0.43624641833810884 0.5448979591836735 0.4297994269340974 0.5459183673469388 0.42550143266475643 0.5438775510204081 0.416189111747851 0.5428571428571428 0.38825214899713467 0.5489795918367346 0.3538681948424069 0.5489795918367346 0.3452722063037249 0.5333333333333333 0.3001432664756447 0.5299319727891156 0.2958452722063037 0.5255102040816326 0.2951289398280802 0.5231292517006803 0.29727793696275073 0.5207482993197279 0.3044412607449857 0.5207482993197279 0.3166189111747851 0.5231292517006803 0.32163323782234954
0 0.44251700680272105 0.21633237822349569 0.44999999999999996 0.28689111747851004 0.44931972789115643 0.2979942693409742 0.445578231292517 0.3037249283667622 0.44897959183673464 0.30659025787965616 0.4530612244897959 0.30587392550143266 0.4554421768707483 0.2979942693409742 0.46088435374149656 0.2929799426934097 0.4639455782312925 0.28581661891117477 0.4636054421768707 0.27793696275071633 0.45986394557823124 0.2707736389684814 0.45986394557823124 0.2607449856733524 0.46224489795918366 0.25358166189111747 0.46836734693877546 0.24426934097421202 0.46870748299319726 0.2356733524355301 0.46428571428571425 0.2141833810888252 0.45714285714285713 0.20128939828080228 0.4527210884353741 0.18624641833810887 0.44591836734693874 0.18481375358166188 0.4431972789115646 0.19484240687679083 0.445578231292517 0.21060171919770773 0.44251700680272105 0.21633237822349569
0 0.3581632653061224 0.31017191977077363 0.3605442176870748 0.31017191977077363 0.35918367346938773 0.29083094555873923 0.35578231292517004 0.28868194842406875 0.35544217687074825 0.2979942693409742 0.3581632653061224 0.31017191977077363
0 0.32857142857142857 0.3044412607449857 0.3336734693877551 0.2922636103151862 0.341156462585034 0.2829512893982808 0.3435374149659864 0.27578796561604585 0.3506802721088435 0.2722063037249284 0.35578231292517004 0.27722063037249284 0.3585034013605442 0.2722063037249284 0.3595238095238095 0.25573065902578795 0.3571428571428571 0.2449856733524355 0.3605442176870748 0.21275071633237821 0.3595238095238095 0.19555873925501432 0.3578231292517007 0.19197707736389685 0.3530612244897959 0.19197707736389685 0.35 0.20773638968481375 0.34523809523809523 0.21633237822349569 0.33945578231292517 0.24355300859598852 0.33809523809523806 0.27363896848137537 0.3357142857142857 0.2822349570200573 0.32755102040816325 0.29656160458452724 0.32721088435374146 0.3030085959885387 0.32857142857142857 0.3044412607449857
0 0.33843537414965985 0.3839541547277937 0.34183673469387754 0.3968481375358166 0.34523809523809523 0.4262177650429799 0.3520408163265306 0.4297994269340974 0.3551020408163265 0.4283667621776504 0.34931972789115645 0.41260744985673353 0.34591836734693876 0.38825214899713467 0.34557823129251697 0.36891117478510027 0.3421768707482993 0.3474212034383954 0.3438775510204081 0.32449856733524357 0.3476190476190476 0.3015759312320917 0.34591836734693876 0.2915472779369627 0.34149659863945575 0.28796561604584525 0.3363945578231292 0.2929799426934097 0.33503401360544216 0.30945558739255014 0.3312925170068027 0.3173352435530086 0.3302721088435374 0.3330945558739255 0.3258503401360544 0.3560171919770774 0.32619047619047614 0.3746418338108882 0.33843537414965985 0.3839541547277937
0 0.32074829931972787 0.4713467048710602 0.3170068027210884 0.4835243553008596 0.31632653061224486 0.498567335243553 0.31292517006802717 0.5050143266475644 0.31292517006802717 0.5114613180515759 0.31768707482993197 0.5193409742120344 0.32959183673469383 0.5250716332378224 0.3312925170068027 0.5222063037249284 0.327891156462585 0.5100286532951289 0.327891156462585 0.5050143266475644 0.3353741496598639 0.4777936962750716 0.3363945578231292 0.3832378223495702 0.3353741496598639 0.38108882521489973 0.32857142857142857 0.3767908309455587 0.3214285714285714 0.3861031518624642 0.319047619047619 0.3968481375358166 0.319047619047619 0.40974212034383956 0.314625850340136 0.43409742120343836 0.31564625850340133 0.4498567335243553 0.32074829931972787 0.4713467048710602
0 0.37380952380952376 0.501432664756447 0.37414965986394555 0.5064469914040114 0.3704081632653061 0.5143266475644699 0.3625850340136054 0.5222063037249284 0.36224489795918363 0.5265042979942693 0.3693877551020408 0.5372492836676218 0.373469387755102 0.5372492836676218 0.3714285714285714 0.5222063037249284 0.3721088435374149 0.5186246418338109 0.3795918367346939 0.5157593123209169 0.38605442176870747 0.5035816618911174 0.3965986394557823 0.49426934097421205 0.3942176870748299 0.48782234957020054 0.3935374149659864 0.4799426934097421 0.4061224489795918 0.4455587392550143 0.40646258503401356 0.4383954154727794 0.4051020408163265 0.4319484240687679 0.4006802721088435 0.4262177650429799 0.3952380952380952 0.4283667621776504 0.3908163265306122 0.4383954154727794 0.37108843537414965 0.4663323782234957 0.36734693877551017 0.4785100286532951 0.3680272108843537 0.491404011461318 0.37380952380952376 0.501432664756447
0 0.3870748299319728 0.5408309455587392 0.38605442176870747 0.5501432664756447 0.386734693877551 0.5608882521489971 0.3877551020408163 0.5616045845272206 0.3938775510204081 0.5573065902578797 0.40340136054421766 0.5379656160458453 0.4115646258503401 0.5336676217765043 0.42448979591836733 0.5193409742120344 0.4265306122448979 0.5128939828080229 0.4265306122448979 0.5007163323782234 0.42517006802721086 0.49426934097421205 0.4214285714285714 0.48925501432664753 0.41326530612244894 0.49498567335243554 0.391156462585034 0.4992836676217765 0.3826530612244898 0.5107449856733525 0.382312925170068 0.5229226361031518 0.3870748299319728 0.5408309455587392
0 0.40340136054421766 0.5551575931232091 0.41428571428571426 0.5630372492836676 0.419047619047619 0.5616045845272206 0.42176870748299317 0.5651862464183381 0.42414965986394554 0.5644699140401146 0.42959183673469387 0.5859598853868194 0.43197278911564624 0.58810888252149 0.4336734693877551 0.5916905444126074 0.4333333333333333 0.5952722063037249 0.43537414965986393 0.5981375358166189 0.4448979591836734 0.5952722063037249 0.4370748299319728 0.5830945558739254 0.4343537414965986 0.5716332378223495 0.4333333333333333 0.5494269340974212 0.43503401360544214 0.5393982808022922 0.43911564625850336 0.5279369627507163 0.43843537414965983 0.5186246418338109 0.43537414965986393 0.5121776504297995 0.4289115646258503 0.5114613180515759 0.42517006802721086 0.5214899713467048 0.4122448979591836 0.5336676217765043 0.4061224489795918 0.5358166189111747 0.39897959183673465 0.5472779369627507 0.3972789115646258 0.5544412607449857 0.40340136054421766 0.5551575931232091
0 0.3877551020408163 0.8209169054441261 0.3870748299319728 0.8015759312320917 0.4010204081632653 0.7822349570200573 0.41122448979591836 0.7578796561604584 0.4153061224489796 0.7571633237822349 0.42210884353741496 0.7614613180515759 0.42517006802721086 0.8073065902578797 0.42857142857142855 0.8116045845272206 0.4346938775510204 0.8101719197707736 0.4302721088435374 0.7987106017191977 0.4289115646258503 0.7893982808022922 0.4289115646258503 0.7571633237822349 0.42755102040816323 0.754297994269341 0.42755102040816323 0.7449856733524355 0.42517006802721086 0.7335243553008596 0.43265306122448977 0.6926934097421203 0.43605442176870746 0.6833810888252149 0.43537414965986393 0.6669054441260744 0.432312925170068 0.6640401146131805 0.427891156462585 0.664756446991404 0.4224489795918367 0.6797994269340975 0.4149659863945578 0.6883954154727794 0.41122448979591836 0.6962750716332378 0.39897959183673465 0.732808022922636 0.3986394557823129 0.751432664756447 0.39489795918367343 0.7757879656160458 0.3870748299319728 0.7851002865329513 0.3795918367346939 0.8030085959885387 0.3802721088435374 0.8173352435530086 0.3877551020408163 0.8209169054441261
0 0.38877551020408163 0.6368194842406877 0.3897959183673469 0.6504297994269341 0.39183673469387753 0.6540114613180515 0.3897959183673469 0.669054441260745 0.3863945578231292 0.6776504297994269 0.38605442176870747 0.6826647564469914 0.3836734693877551 0.6862464183381088 0.3829931972789115 0.6926934097421203 0.39217687074829927 0.6977077363896848 0.3965986394557823 0.6962750716332378 0.39693877551020407 0.6919770773638968 0.3945578231292517 0.6883954154727794 0.3952380952380952 0.6762177650429799 0.40034013605442176 0.669054441260745 0.4074829931972789 0.6762177650429799 0.4105442176870748 0.6747851002865329 0.41122448979591836 0.671919770773639 0.4051020408163265 0.6654727793696275 0.404421768707483 0.66189111747851 0.40714285714285714 0.6346704871060171 0.41326530612244894 0.6310888252148997 0.4156462585034013 0.6210601719197708 0.4122448979591836 0.586676217765043 0.408843537414966 0.576647564469914 0.4010204081632653 0.578080229226361 0.40034013605442176 0.582378223495702 0.38877551020408163 0.5916905444126074 0.38129251700680267 0.6010028653295129 0.3789115646258503 0.6103151862464183 0.3789115646258503 0.6217765042979942 0.38877551020408163 0.6368194842406877
0 0.25578231292517006 0.586676217765043 0.25476190476190474 0.5924068767908309 0.2568027210884354 0.6067335243553008 0.25578231292517006 0.6160458452722063 0.25782312925170064 0.6196275071633237 0.2670068027210884 0.6189111747851003 0.2680272108843537 0.6160458452722063 0.2605442176870748 0.6053008595988538 0.25442176870748295 0.5752148997134671 0.2537414965986394 0.578080229226361 0.25578231292517006 0.586676217765043
0 0.23061224489795917 0.6131805157593123 0.22993197278911562 0.6224928366762178 0.23435374149659863 0.6267908309455588 0.24149659863945577 0.6275071633237822 0.26904761904761904 0.5293696275071633 0.26870748299319724 0.5243553008595988 0.2704081632653061 0.5222063037249284 0.2673469387755102 0.5207736389684814 0.2639455782312925 0.5100286532951289 0.26598639455782314 0.491404011461318 0.27006802721088435 0.4806590257879656 0.2680272108843537 0.4670487106017192 0.2636054421768707 0.46489971346704867 0.2585034013605442 0.4699140401146132 0.2574829931972789 0.4785100286532951 0.24863945578231292 0.49426934097421205 0.23911564625850337 0.5329512893982807 0.241156462585034 0.579512893982808 0.23061224489795917 0.6131805157593123
0 0.14421768707482993 0.5608882521489971 0.15238095238095237 0.5974212034383954 0.15102040816326529 0.6174785100286533 0.1530612244897959 0.6296561604584527 0.15782312925170067 0.6346704871060171 0.15884353741496599 0.6396848137535817 0.16122448979591836 0.6404011461318051 0.1629251700680272 0.6368194842406877 0.15986394557823128 0.6275071633237822 0.16360544217687073 0.6217765042979942 0.1595238095238095 0.6174785100286533 0.15782312925170067 0.5952722063037249 0.16020408163265304 0.58810888252149 0.16020408163265304 0.5773638968481375 0.16190476190476188 0.5673352435530086 0.16054421768707483 0.5530085959885387 0.16156462585034012 0.5429799426934098 0.1649659863945578 0.5322349570200573 0.1693877551020408 0.5035816618911174 0.1717687074829932 0.4978510028653295 0.17074829931972788 0.4906876790830945 0.16598639455782313 0.4828080229226361 0.15986394557823128 0.48424068767908307 0.15782312925170067 0.48925501432664753 0.15646258503401358 0.504297994269341 0.15068027210884352 0.5186246418338109 0.14761904761904762 0.5322349570200573 0.14421768707482993 0.5508595988538681 0.14421768707482993 0.5608882521489971