0 0.7387492694330801 0.5496774193548387 0.7375803623611923 0.5625806451612904 0.7516072472238456 0.6051612903225806 0.7504383401519579 0.6309677419354839 0.7445938047925189 0.6529032258064517 0.7440093512565751 0.6645161290322581 0.7551139684395091 0.6851612903225807 0.7568673290473407 0.6941935483870968 0.7556984219754529 0.7109677419354838 0.7469316189362946 0.7187096774193549 0.7463471654003506 0.7238709677419355 0.7533606078316774 0.7290322580645161 0.7551139684395091 0.7445161290322581 0.7703097603740502 0.7445161290322581 0.7720631209818819 0.7367741935483871 0.7668030391583869 0.7148387096774194 0.7621274108708357 0.672258064516129 0.7796610169491525 0.6180645161290322 0.7796610169491525 0.6064516129032258 0.7597895967270601 0.5419354838709678 0.7551139684395091 0.5367741935483871 0.7481005260081823 0.5096774193548387 0.7393337229690239 0.5109677419354839 0.7346580946814728 0.5212903225806451 0.7340736411455289 0.5367741935483871 0.7387492694330801 0.5496774193548387
0 0.7399181765049678 0.3870967741935484 0.7410870835768556 0.3987096774193548 0.7481005260081823 0.40903225806451615 0.7498538866160139 0.4206451612903226 0.7434248977206311 0.447741935483871 0.7434248977206311 0.4567741935483871 0.7527761542957334 0.4645161290322581 0.7521917007597896 0.4761290322580645 0.7562828755113968 0.4967741935483871 0.7492694330800701 0.5109677419354839 0.7551139684395091 0.5135483870967742 0.7603740502630041 0.5367741935483871 0.7726475745178257 0.5341935483870968 0.7744009351256574 0.5264516129032258 0.7650496785505552 0.4735483870967742 0.776738749269433 0.43870967741935485 0.7802454704850964 0.43483870967741933 0.7790765634132086 0.40903225806451615 0.7656341320864991 0.3832258064516129 0.7539450613676212 0.37032258064516127 0.7481005260081823 0.3496774193548387 0.7399181765049678 0.3470967741935484 0.7329047340736411 0.3548387096774194 0.7340736411455289 0.3767741935483871 0.7399181765049678 0.3870967741935484
0 0.7200467562828755 0.3006451612903226 0.7153711279953243 0.32129032258064516 0.7253068381063705 0.32 0.7305669199298656 0.3303225806451613 0.7264757451782583 0.3496774193548387 0.7276446522501461 0.36258064516129035 0.7305669199298656 0.3664516129032258 0.7323202805376972 0.3548387096774194 0.7457627118644067 0.34580645161290324 0.7492694330800701 0.352258064516129 0.7498538866160139 0.36258064516129035 0.7527761542957334 0.3638709677419355 0.7586206896551724 0.3419354838709677 0.7562828755113968 0.32387096774193547 0.7288135593220338 0.2670967741935484 0.7229690239625949 0.26193548387096777 0.7153711279953243 0.26838709677419353 0.7130333138515488 0.28516129032258064 0.7200467562828755 0.3006451612903226
0 0.7019286966686148 0.21548387096774194 0.7130333138515488 0.24387096774193548 0.7089421390999415 0.26838709677419353 0.7101110461718293 0.2735483870967742 0.7130333138515488 0.2735483870967742 0.7182933956750438 0.26193548387096777 0.7247223845704266 0.26193548387096777 0.7305669199298656 0.2735483870967742 0.7375803623611923 0.2645161290322581 0.7405026300409117 0.24903225806451612 0.7375803623611923 0.2335483870967742 0.7124488603156048 0.19612903225806452 0.7089421390999415 0.18193548387096775 0.6995908825248393 0.17806451612903226 0.6943308007013442 0.19096774193548388 0.6960841613091758 0.2103225806451613 0.7019286966686148 0.21548387096774194
0 0.6808883693746347 0.4529032258064516 0.6855639976621858 0.4774193548387097 0.6873173582700175 0.6116129032258064 0.689655172413793 0.6167741935483871 0.6832261835184102 0.6296774193548387 0.6960841613091758 0.632258064516129 0.7030976037405026 0.6154838709677419 0.7001753360607831 0.5625806451612904 0.706019871420222 0.5419354838709678 0.7124488603156048 0.5393548387096774 0.7130333138515488 0.5045161290322581 0.6890707188778492 0.4154838709677419 0.6814728229105785 0.4129032258064516 0.6750438340151957 0.4258064516129032 0.6756282875511397 0.44129032258064516 0.6808883693746347 0.4529032258064516
0 0.5236703682057277 0.49032258064516127 0.5388661601402688 0.5251612903225806 0.5359438924605493 0.5664516129032258 0.5277615429573349 0.5909677419354838 0.5295149035651665 0.5974193548387097 0.5330216247808299 0.5961290322580645 0.5371127995324372 0.5858064516129032 0.5447106954997077 0.5290322580645161 0.5581531268264173 0.5290322580645161 0.5645821157218001 0.5651612903225807 0.5745178258328463 0.5793548387096774 0.5803623611922851 0.5780645161290323 0.5873758036236119 0.5896774193548387 0.5873758036236119 0.5987096774193549 0.592051431911163 0.5961290322580645 0.5961426066627703 0.5716129032258065 0.5838690824079485 0.5612903225806452 0.5739333722969023 0.5393548387096774 0.5791934541203974 0.5019354838709678 0.5791934541203974 0.4864516129032258 0.5751022793687901 0.4761290322580645 0.5336060783167738 0.4619354838709677 0.5242548217416715 0.4670967741935484 0.5225014611338398 0.47483870967741937 0.5236703682057277 0.49032258064516127
0 0.5184102863822326 0.3793548387096774 0.5230859146697837 0.39741935483870966 0.516072472238457 0.4270967741935484 0.5195791934541204 0.432258064516129 0.521332554061952 0.46580645161290324 0.526592635885447 0.4541935483870968 0.526592635885447 0.43870967741935485 0.5336060783167738 0.4296774193548387 0.5423728813559322 0.44903225806451613 0.5563997662185856 0.4670967741935484 0.5791934541203974 0.4619354838709677 0.5844535359438924 0.45161290322580644 0.586791350087668 0.44129032258064516 0.5856224430157803 0.43483870967741933 0.5751022793687901 0.43483870967741933 0.5634132086499123 0.4258064516129032 0.5622443015780245 0.4180645161290323 0.5675043834015195 0.3832258064516129 0.5581531268264173 0.3638709677419355 0.5336060783167738 0.35870967741935483 0.5189947399181765 0.34580645161290324 0.5102279368790181 0.36129032258064514 0.5113968439509059 0.37548387096774194 0.5184102863822326 0.3793548387096774
0 0.5008766803039159 0.30193548387096775 0.5131502045587375 0.33419354838709675 0.5078901227352425 0.36129032258064514 0.510812390414962 0.352258064516129 0.5219170075978959 0.3445161290322581 0.5300993571011104 0.3561290322580645 0.5470485096434833 0.35870967741935483 0.5534774985388661 0.32129032258064516 0.5534774985388661 0.3096774193548387 0.5499707773232028 0.29935483870967744 0.5400350672121565 0.28774193548387095 0.5230859146697837 0.28516129032258064 0.5096434833430742 0.27483870967741936 0.5014611338398597 0.2812903225806452 0.49970777323202803 0.28903225806451616 0.5008766803039159 0.30193548387096775
0 0.4774985388661601 0.21935483870967742 0.4804208065458796 0.24645161290322581 0.47925189947399177 0.2787096774193548 0.48509643483343073 0.2903225806451613 0.4874342489772063 0.29161290322580646 0.49094097019286964 0.26838709677419353 0.5020455873758036 0.2761290322580645 0.510812390414962 0.2658064516129032 0.5295149035651665 0.2645161290322581 0.5347749853886615 0.2812903225806452 0.537697253068381 0.28 0.5388661601402688 0.25548387096774194 0.5257159555815313 0.2503225806451613 0.5201636469900642 0.24 0.521332554061952 0.19870967741935483 0.5184102863822326 0.18838709677419355 0.5096434833430742 0.18193548387096775 0.4862653419053185 0.18451612903225806 0.4786674459380479 0.18064516129032257 0.4716540035067212 0.19225806451612903 0.47106954997077727 0.20258064516129032 0.4774985388661601 0.21935483870967742
0 0.49094097019286964 0.11225806451612903 0.49912331969608414 0.1135483870967742 0.5032144944476914 0.12258064516129032 0.5008766803039159 0.17935483870967742 0.5084745762711864 0.17806451612903226 0.5172413793103448 0.18451612903225806 0.5207481005260082 0.16129032258064516 0.5330216247808299 0.1367741935483871 0.5312682641729982 0.12 0.5154880187025132 0.09419354838709677 0.5032144944476914 0.08387096774193549 0.49853886616014026 0.06838709677419355 0.4921098772647574 0.0696774193548387 0.4874342489772063 0.08 0.4868497954412624 0.09161290322580645 0.49094097019286964 0.11225806451612903
0 0.4009351256575102 0.15354838709677418 0.39450613676212737 0.18838709677419355 0.38340151957919344 0.2232258064516129 0.38632378725891287 0.23096774193548386 0.39099941554646406 0.2296774193548387 0.39158386908240794 0.21419354838709678 0.40502630040911747 0.1858064516129032 0.4085330216247808 0.18193548387096775 0.42255990648743424 0.19741935483870968 0.42781998831092927 0.1832258064516129 0.42548217416715367 0.16516129032258065 0.42781998831092927 0.15354838709677418 0.4213909994155464 0.13161290322580646 0.4213909994155464 0.11870967741935484 0.42898889538281704 0.08129032258064516 0.42781998831092927 0.05935483870967742 0.4248977206312098 0.05290322580645161 0.4178842781998831 0.05161290322580645 0.4091174751607247 0.08258064516129032 0.40035067212156633 0.13548387096774195 0.4009351256575102 0.15354838709677418
0 0.39684395090590296 0.34580645161290324 0.4044418468731736 0.3470967741935484 0.4108708357685564 0.3574193548387097 0.42606662770309756 0.33806451612903227 0.42781998831092927 0.32387096774193547 0.4248977206312098 0.30838709677419357 0.4272355347749854 0.28774193548387095 0.4213909994155464 0.2670967741935484 0.38632378725891287 0.3032258064516129 0.38106370543541784 0.3135483870967742 0.39684395090590296 0.34580645161290324
0 0.4295733489187609 0.26838709677419353 0.4319111630625365 0.27741935483870966 0.43541788427819983 0.27225806451612905 0.43541788427819983 0.2593548387096774 0.4324956165984804 0.2541935483870968 0.423728813559322 0.2541935483870968 0.42314436002337813 0.26064516129032256 0.4295733489187609 0.26838709677419353
0 0.3962594973699591 0.2864516129032258 0.40619520748100524 0.28258064516129033 0.4190531852717709 0.26838709677419353 0.4213909994155464 0.25290322580645164 0.43541788427819983 0.21548387096774194 0.43658679135008766 0.19870967741935483 0.43132670952659263 0.1870967741935484 0.42548217416715367 0.1870967741935484 0.39099941554646406 0.23096774193548386 0.385739333722969 0.24903225806451612 0.3851548801870251 0.26064516129032256 0.3962594973699591 0.2864516129032258
0 0.4599609375 0.248046875 0.46484375 0.265625 0.4619140625 0.28515625 0.4443359375 0.318359375 0.4375 0.31640625 0.435546875 0.326171875 0.431640625 0.33203125 0.4287109375 0.33203125 0.423828125 0.32421875 0.423828125 0.294921875 0.4287109375 0.283203125 0.4384765625 0.27734375 0.4375 0.267578125 0.4423828125 0.255859375 0.4501953125 0.248046875 0.458984375 0.248046875
0 0.440093512565751 0.32903225806451614 0.4494447691408533 0.34580645161290324 0.45645821157218 0.3445161290322581 0.4687317358270017 0.3561290322580645 0.47925189947399177 0.40258064516129033 0.4874342489772063 0.4064516129032258 0.489187609585038 0.3961290322580645 0.48217416715371125 0.3858064516129032 0.47574517825832846 0.3470967741935484 0.478082992402104 0.31870967741935485 0.4839275277615429 0.3058064516129032 0.4804208065458796 0.28516129032258064 0.472822910578609 0.28258064516129033 0.45996493278784334 0.30193548387096775 0.43541788427819983 0.32129032258064516 0.43541788427819983 0.33161290322580644 0.440093512565751 0.32903225806451614
0 0.4079485680888369 0.40774193548387094 0.418468731735827 0.3832258064516129 0.44593804792518993 0.37290322580645163 0.4529514903565166 0.3548387096774194 0.45645821157218 0.3561290322580645 0.45762711864406774 0.34838709677419355 0.45178258328462884 0.34838709677419355 0.44243132670952656 0.33806451612903227 0.41963763880771476 0.34838709677419355 0.4085330216247808 0.36516129032258066 0.4044418468731736 0.3935483870967742 0.40385739333722964 0.4 0.4079485680888369 0.40774193548387094
0 0.4149620105201636 0.432258064516129 0.4213909994155464 0.4464516129032258 0.43132670952659263 0.44129032258064516 0.4494447691408533 0.44129032258064516 0.45353594389246055 0.43612903225806454 0.45353594389246055 0.4206451612903226 0.4634716540035067 0.3896774193548387 0.4634716540035067 0.3690322580645161 0.45675043834015194 0.37290322580645163 0.44886031560490935 0.36774193548387096 0.4395090590298071 0.37806451612903225 0.42080654587960253 0.3832258064516129 0.407364114552893 0.40903225806451615 0.4044418468731736 0.4232258064516129 0.4149620105201636 0.432258064516129
0 0.47340736411455286 0.43483870967741933 0.47340736411455286 0.4206451612903226 0.4704850964348334 0.41161290322580646 0.4628872004675628 0.40774193548387094 0.4605493863237872 0.41161290322580646 0.47340736411455286 0.43483870967741933
0 0.42080654587960253 0.472258064516129 0.4295733489187609 0.47096774193548385 0.43658679135008766 0.45806451612903226 0.4476914085330216 0.46580645161290324 0.45704266510812386 0.49032258064516127 0.45762711864406774 0.5045161290322581 0.46697837521917007 0.5535483870967742 0.4751607247223845 0.5561290322580645 0.46756282875511396 0.5303225806451612 0.4640561075394506 0.5019354838709678 0.4628872004675628 0.4838709677419355 0.46756282875511396 0.45806451612903226 0.46756282875511396 0.44903225806451613 0.4646405610753945 0.4425806451612903 0.45938047925189945 0.4374193548387097 0.44243132670952656 0.43870967741935485 0.4219754529514903 0.4503225806451613 0.418468731735827 0.4632258064516129 0.42080654587960253 0.472258064516129
0 0.40619520748100524 0.5432258064516129 0.42314436002337813 0.5070967741935484 0.4336645236703682 0.5045161290322581 0.4389246054938632 0.48129032258064514 0.44360023378141433 0.48 0.45061367621274107 0.49032258064516127 0.45119812974868495 0.5019354838709678 0.45412039742840443 0.4993548387096774 0.45353594389246055 0.4838709677419355 0.4441846873173582 0.4632258064516129 0.43541788427819983 0.46064516129032257 0.4085330216247808 0.4864516129032258 0.39684395090590296 0.5083870967741936 0.39742840444184685 0.5329032258064517 0.40619520748100524 0.5432258064516129
0 0.3869082407948568 0.6851612903225807 0.38866160140268846 0.6774193548387096 0.38632378725891287 0.6658064516129032 0.3927527761542957 0.6425806451612903 0.4009351256575102 0.6296774193548387 0.4085330216247808 0.6090322580645161 0.42080654587960253 0.6129032258064516 0.4248977206312098 0.6193548387096774 0.42606662770309756 0.6851612903225807 0.44243132670952656 0.6851612903225807 0.44301578024547045 0.68 0.43424897720631206 0.6696774193548387 0.4330800701344243 0.6632258064516129 0.43424897720631206 0.5838709677419355 0.440093512565751 0.5664516129032258 0.4395090590298071 0.5432258064516129 0.44301578024547045 0.5316129032258065 0.44301578024547045 0.5135483870967742 0.45353594389246055 0.5006451612903225 0.4529514903565166 0.48516129032258065 0.4494447691408533 0.48 0.43658679135008766 0.48129032258064514 0.418468731735827 0.5083870967741936 0.39801285797779073 0.5651612903225807 0.40035067212156633 0.5870967741935483 0.3962594973699591 0.6141935483870967 0.3869082407948568 0.6309677419354839 0.3763880771478667 0.6619354838709678 0.37521917007597894 0.6735483870967742 0.3869082407948568 0.6851612903225807
0 0.13442431326709525 0.37548387096774194 0.13267095265926357 0.43612903225806454 0.13617767387492694 0.44129032258064516 0.146697837521917 0.44129032258064516 0.15078901227352426 0.41935483870967744 0.14436002337814144 0.40903225806451615 0.14319111630625364 0.3961290322580645 0.1455289304500292 0.36774193548387096 0.14962010520163646 0.35096774193548386 0.14786674459380478 0.3225806451612903 0.15663354763296317 0.2761290322580645 0.1613091759205143 0.2658064516129032 0.1618936294564582 0.24774193548387097 0.15838690824079485 0.23741935483870968 0.15020455873758035 0.2335483870967742 0.14494447691408532 0.24129032258064517 0.12741087083576855 0.32129032258064516 0.12741087083576855 0.3367741935483871 0.13442431326709525 0.37548387096774194