0 0.8624856156501726 0.6823056300268097 0.8716915995397008 0.660857908847185 0.8613348676639816 0.6219839142091153 0.8613348676639816 0.6058981233243967 0.8659378596087457 0.5857908847184987 0.8630609896432682 0.514745308310992 0.8555811277330264 0.47587131367292224 0.8498273878020713 0.47319034852546915 0.8434982738780207 0.4839142091152815 0.8486766398158804 0.6809651474530831 0.8624856156501726 0.6823056300268097
0 0.6927502876869965 0.3900804289544236 0.6956271576524741 0.36863270777479895 0.6962025316455697 0.35656836461126007 0.69102416570771 0.35924932975871315 0.6864211737629459 0.3941018766756032 0.6927502876869965 0.3900804289544236
0 0.6892980437284235 0.29356568364611263 0.6858457997698504 0.3002680965147453 0.69102416570771 0.3109919571045576 0.692174913693901 0.34718498659517427 0.7031070195627158 0.3605898123324397 0.7059838895281934 0.3793565683646113 0.7100115074798619 0.3632707774798928 0.7002301495972382 0.3297587131367292 0.7013808975834293 0.3203753351206434 0.7105868814729575 0.31769436997319034 0.7111622554660529 0.29490616621983917 0.7077100115074798 0.24262734584450402 0.7025316455696202 0.2131367292225201 0.6950517836593786 0.21045576407506703 0.69102416570771 0.21849865951742628 0.6915995397008056 0.27301206434316355 0.6892980437284235 0.29356568364611263
0 0.5195627157652474 0.7037533512064343 0.5207134637514385 0.7265415549597856 0.525891829689298 0.725201072386059 0.5322209436133487 0.710455764075067 0.5362485615650172 0.7319034852546917 0.5402761795166858 0.7345844504021448 0.5483314154200231 0.6823056300268097 0.546029919447641 0.6554959785522788 0.5466052934407365 0.6273458445040214 0.5362485615650172 0.6126005361930295 0.5362485615650172 0.5991957104557641 0.5293440736478712 0.5978552278820376 0.5276179516685846 0.6219839142091153 0.5230149597238205 0.6300268096514745 0.522439585730725 0.675603217158177 0.5195627157652474 0.7037533512064343
0 0.620253164556962 0.5831099195710456 0.6265822784810127 0.6260053619302949 0.619102416570771 0.6367292225201072 0.622554660529344 0.6501340482573726 0.6294591484464902 0.6501340482573726 0.6340621403912543 0.646112600536193 0.6386651323360184 0.5361930294906166 0.6375143843498274 0.49195710455764075 0.6300345224395857 0.4477211796246649 0.6231300345224395 0.4450402144772118 0.619102416570771 0.4544235924932976 0.6231300345224395 0.5455764075067024 0.620253164556962 0.5831099195710456
0 0.5500575373993095 0.45576407506702415 0.5604142692750288 0.49463806970509383 0.5638665132336018 0.5241286863270778 0.567318757192175 0.5281501340482574 0.5713463751438435 0.5254691689008043 0.5805523590333717 0.4932975871313673 0.5811277330264673 0.4705093833780161 0.5604142692750288 0.4316353887399464 0.5569620253164557 0.4289544235924933 0.5512082853855006 0.43699731903485256 0.5489067894131185 0.44235924932975873 0.5500575373993095 0.45576407506702415
0 0.5592635212888377 0.4075067024128686 0.567318757192175 0.43967828418230565 0.569620253164557 0.4249329758713137 0.569620253164557 0.38471849865951746 0.57307249712313 0.3646112600536193 0.571921749136939 0.31233243967828417 0.5650172612197929 0.2734584450402145 0.5598388952819332 0.2707774798927614 0.5558112773302647 0.2761394101876676 0.5546605293440736 0.289544235924933 0.5592635212888377 0.4075067024128686
0 0.4810126582278481 0.289544235924933 0.4873417721518987 0.29356568364611263 0.48791714614499426 0.26273458445040215 0.48388952819332565 0.257372654155496 0.48388952819332565 0.2761394101876676 0.4810126582278481 0.289544235924933
0 0.48331415420023016 0.19571045576407506 0.4815880322209436 0.24128686327077747 0.4844649021864212 0.25335120643431636 0.4942462600690449 0.22922252010723862 0.4965477560414269 0.21179624664879357 0.49597238204833144 0.19168900804289546 0.49309551208285385 0.16085790884718498 0.48676639815880324 0.15013404825737264 0.4873417721518987 0.14343163538873996 0.48388952819332565 0.13404825737265416 0.4798619102416571 0.1353887399463807 0.4781357882623705 0.14343163538873996 0.4769850402761795 0.17024128686327078 0.48331415420023016 0.19571045576407506
0 0.45358630609896433 0.3127788203753351 0.4574223245109321 0.3378016085790885 0.45109321058688145 0.41420911528150134 0.452819332566168 0.4168900804289544 0.4562715765247411 0.41152815013404825 0.45972382048331417 0.3646112600536193 0.4718066743383199 0.3552278820375335 0.48676639815880324 0.3900804289544236 0.4896432681242808 0.40214477211796246 0.48791714614499426 0.42091152815013405 0.49309551208285385 0.42091152815013405 0.4953970080552359 0.4061662198391421 0.48388952819332565 0.35656836461126007 0.48216340621403914 0.32707774798927614 0.4781357882623705 0.30563002680965146 0.4579976985040276 0.2667560321715818 0.452819332566168 0.2667560321715818 0.44994246260069043 0.2774798927613941 0.4487917146144994 0.3002680965147453 0.45358630609896433 0.3127788203753351
0 0.4533947065592635 0.4611260053619303 0.4712313003452244 0.5254691689008043 0.4735327963176064 0.5455764075067024 0.4769850402761795 0.5442359249329759 0.47410817031070196 0.5053619302949062 0.48331415420023016 0.45576407506702415 0.48331415420023016 0.44235924932975873 0.476409666283084 0.43029490616621985 0.4620253164556962 0.4289544235924933 0.44649021864211735 0.41420911528150134 0.4390103567318757 0.4222520107238606 0.43958573072497126 0.44235924932975873 0.4533947065592635 0.4611260053619303
0 0.43383199079401613 0.5442359249329759 0.4240506329113924 0.6018766756032171 0.428078250863061 0.6032171581769437 0.4372842347525892 0.5589812332439679 0.4482163406214039 0.546916890080429 0.4643268124280783 0.5428954423592494 0.46835443037974683 0.5254691689008043 0.46777905638665135 0.5120643431635389 0.46317606444188725 0.5013404825737265 0.43843498273878023 0.5067024128686327 0.42750287686996546 0.5040214477211796 0.42289988492520136 0.514745308310992 0.42462600690448793 0.532171581769437 0.43383199079401613 0.5442359249329759
0 0.4476409666283084 0.561662198391421 0.45051783659378597 0.5764075067024129 0.451668584579977 0.6085790884718498 0.4522439585730725 0.6353887399463807 0.4476409666283084 0.6648793565683646 0.44994246260069043 0.6742627345844504 0.452819332566168 0.6715817694369973 0.4614499424626007 0.6367292225201072 0.4706559263521289 0.6219839142091153 0.46835443037974683 0.6005361930294906 0.46950517836593786 0.5750670241286864 0.47295742232451093 0.564343163538874 0.4712313003452244 0.5495978552278821 0.46777905638665135 0.546916890080429 0.44591484464902187 0.5536193029490617 0.44476409666283084 0.5603217158176944 0.4476409666283084 0.561662198391421
0 0.3659378596087457 0.33646112600536193 0.37341772151898733 0.32707774798927614 0.37917146144994246 0.32707774798927614 0.383199079401611 0.33646112600536193 0.383199079401611 0.34986595174262736 0.3866513233601841 0.3552278820375335 0.39010356731875717 0.3190348525469169 0.38722669735327964 0.28820375335120646 0.39643268124280784 0.24128686327077747 0.39355581127733025 0.22654155495978553 0.3860759493670886 0.22922252010723862 0.3670886075949367 0.2922252010723861 0.3630609896432681 0.33109919571045576 0.3659378596087457 0.33646112600536193
0 0.31070195627157654 0.27211796246648795 0.3095512082853855 0.2828418230563003 0.3141542002301496 0.29356568364611263 0.34522439585730724 0.29758713136729226 0.34004602991944766 0.2774798927613941 0.3394706559263521 0.24262734584450402 0.33601841196777904 0.22117962466487937 0.34177215189873417 0.21179624664879357 0.33716915995397007 0.20241286863270777 0.34177215189873417 0.16085790884718498 0.3394706559263521 0.14745308310991959 0.33544303797468356 0.14343163538873996 0.33141542002301494 0.14745308310991959 0.3302646720368239 0.16219839142091153 0.32681242807825084 0.17158176943699732 0.31990794016110474 0.25335120643431636 0.31070195627157654 0.27211796246648795
0 0.32796317606444186 0.40482573726541554 0.3377445339470656 0.4222520107238606 0.34177215189873417 0.42359249329758714 0.3521288837744534 0.386058981233244 0.3567318757192175 0.3793565683646113 0.35903337169159955 0.3672922252010724 0.3619102416570771 0.36595174262734587 0.36421173762945913 0.3418230563002681 0.36018411967779057 0.3351206434316354 0.35500575373993093 0.3351206434316354 0.3273878020713464 0.3793565683646113 0.3256616800920598 0.3941018766756032 0.32796317606444186 0.40482573726541554
0 0.3630609896432681 0.41823056300268097 0.3659378596087457 0.4289544235924933 0.36881472957422323 0.4289544235924933 0.3716915995397008 0.40884718498659517 0.38550057537399307 0.3793565683646113 0.3860759493670886 0.36863270777479895 0.38204833141542005 0.353887399463807 0.3762945914844649 0.353887399463807 0.3613348676639816 0.3833780160857909 0.36421173762945913 0.3941018766756032 0.3630609896432681 0.41823056300268097
0 0.3411967779056387 0.4973190348525469 0.3538550057537399 0.4906166219839142 0.3521288837744534 0.48525469168900803 0.35615650172612195 0.4544235924932976 0.36075949367088606 0.44235924932975873 0.36478711162255467 0.43967828418230565 0.35903337169159955 0.4168900804289544 0.3624856156501726 0.403485254691689 0.35960874568469503 0.386058981233244 0.3469505178365938 0.4101876675603217 0.3365937859608746 0.450402144772118 0.334867663981588 0.47319034852546915 0.3411967779056387 0.4973190348525469
0 0.36421173762945913 0.46246648793565687 0.36478711162255467 0.47989276139410186 0.36996547756041426 0.48525469168900803 0.3906789413118527 0.4664879356568365 0.3941311852704258 0.4517426273458445 0.39758342922899886 0.44906166219839144 0.39815880322209435 0.4316353887399464 0.39010356731875717 0.42091152815013405 0.35960874568469503 0.4450402144772118 0.35903337169159955 0.45308310991957107 0.36421173762945913 0.46246648793565687
0 0.3895281933256617 0.5 0.3895281933256617 0.5201072386058981 0.39758342922899886 0.5254691689008043 0.4039125431530495 0.5589812332439679 0.4096662830840046 0.5563002680965148 0.404487917146145 0.5281501340482574 0.4039125431530495 0.5040214477211796 0.41196777905638665 0.4772117962466488 0.41196777905638665 0.45844504021447724 0.4085155350978136 0.4517426273458445 0.40276179516685845 0.4517426273458445 0.39815880322209435 0.4638069705093834 0.38377445339470656 0.4772117962466488 0.38204833141542005 0.4839142091152815 0.3895281933256617 0.5
0 0.3619102416570771 0.532171581769437 0.3693901035673188 0.5268096514745308 0.37744533947065595 0.532171581769437 0.3866513233601841 0.5254691689008043 0.38434982738780205 0.5134048257372654 0.3866513233601841 0.5 0.38377445339470656 0.4959785522788204 0.37917146144994246 0.5053619302949062 0.3711162255466053 0.4906166219839142 0.36536248561565016 0.4906166219839142 0.34810126582278483 0.4959785522788204 0.3411967779056387 0.5040214477211796 0.34004602991944766 0.5214477211796247 0.3619102416570771 0.532171581769437
0 0.33429228998849253 0.5951742627345845 0.3705408515535098 0.5630026809651475 0.3762945914844649 0.5630026809651475 0.378596087456847 0.5509383378016086 0.37802071346375143 0.5388739946380697 0.3739930955120829 0.5294906166219839 0.3630609896432681 0.5308310991957105 0.3383199079401611 0.5227882037533512 0.3302646720368239 0.5348525469168901 0.33084004602991945 0.5871313672922253 0.33429228998849253 0.5951742627345845
0 0.32508630609896433 0.660857908847185 0.3273878020713464 0.6648793565683646 0.3331415420023015 0.660857908847185 0.34062140391254314 0.6702412868632708 0.33601841196777904 0.6983914209115282 0.3377445339470656 0.7024128686327078 0.34925201380897586 0.7064343163538874 0.3504027617951669 0.6997319034852547 0.36881472957422323 0.675603217158177 0.3716915995397008 0.693029490616622 0.3762945914844649 0.6943699731903485 0.36996547756041426 0.6300268096514745 0.3739930955120829 0.5924932975871314 0.378596087456847 0.5804289544235925 0.3762945914844649 0.564343163538874 0.34177215189873417 0.5844504021447722 0.3319907940161105 0.6045576407506702 0.3302646720368239 0.6420911528150134 0.32508630609896433 0.660857908847185
0 0.09666283084004602 0.5201072386058981 0.09896432681242807 0.5536193029490617 0.09781357882623705 0.5750670241286864 0.10817031070195628 0.5764075067024129 0.11104718066743383 0.5603217158176944 0.10817031070195628 0.5522788203753352 0.10874568469505179 0.48257372654155495 0.12025316455696203 0.4571045576407507 0.12313003452243959 0.4410187667560322 0.12197928653624857 0.4262734584450402 0.119102416570771 0.4195710455764075 0.11219792865362485 0.4195710455764075 0.08457997698504027 0.48257372654155495 0.08400460299194476 0.4973190348525469 0.09666283084004602 0.5201072386058981