0 0.7724301841948902 0.46246648793565687 0.7754010695187167 0.4839142091152815 0.7754010695187167 0.5 0.7694592988710637 0.5335120643431636 0.7795603089720737 0.5361930294906166 0.7849079025549615 0.5201072386058981 0.7855020796197267 0.4718498659517426 0.7908496732026145 0.4316353887399464 0.7849079025549615 0.4008042895442359 0.7777777777777778 0.3793565683646113 0.7777777777777778 0.3646112600536193 0.774212715389186 0.3579088471849866 0.7676767676767677 0.3579088471849866 0.7629233511586453 0.36863270777479895 0.7730243612596555 0.4289544235924933 0.7724301841948902 0.46246648793565687
0 0.5953654188948307 0.2868632707774799 0.5971479500891266 0.2962466487935657 0.5941770647653001 0.3257372654155496 0.5989304812834225 0.3418230563002681 0.5965537730243613 0.3632707774798928 0.6024955436720143 0.41152815013404825 0.6096256684491979 0.4249329758713137 0.6125965537730244 0.4222520107238606 0.6120023767082591 0.36863270777479895 0.6143790849673203 0.3230563002680965 0.619726678550208 0.30160857908847183 0.6161616161616162 0.2801608579088472 0.6090314913844326 0.27211796246648795 0.6090314913844326 0.2613941018766756 0.6060606060606061 0.25335120643431636 0.6001188354129531 0.2520107238605898 0.5953654188948307 0.2640750670241287 0.5983363042186572 0.2801608579088472 0.5953654188948307 0.2868632707774799
0 0.5300059417706476 0.14745308310991959 0.5329768270944741 0.16890080428954424 0.5234699940582294 0.26943699731903487 0.5329768270944741 0.26943699731903487 0.5359477124183006 0.23056300268096516 0.5395127748068925 0.21715817694369974 0.5436720142602496 0.21447721179624665 0.5502079619726679 0.2319034852546917 0.5614973262032086 0.24932975871313673 0.5626856803327392 0.2667560321715818 0.5674390968508616 0.26541554959785524 0.5704099821746881 0.257372654155496 0.5674390968508616 0.2453083109919571 0.5555555555555556 0.22386058981233245 0.5525846702317291 0.20241286863270777 0.5531788472964944 0.1863270777479893 0.5466428995840761 0.15415549597855227 0.5377302436125966 0.13404825737265416 0.5347593582887701 0.11796246648793565 0.5294117647058824 0.11796246648793565 0.5258467023172906 0.1260053619302949 0.5258467023172906 0.13672922252010725 0.5300059417706476 0.14745308310991959
0 0.5395127748068925 0.4289544235924933 0.5401069518716578 0.4544235924932976 0.5383244206773619 0.46246648793565687 0.5496137849079026 0.4839142091152815 0.5567439096850861 0.47989276139410186 0.5680332739156269 0.4410187667560322 0.5674390968508616 0.42761394101876676 0.5561497326203209 0.403485254691689 0.542483660130719 0.39276139410187666 0.5389185977421271 0.37801608579088475 0.530600118835413 0.3793565683646113 0.5294117647058824 0.3873994638069705 0.5395127748068925 0.4289544235924933
0 0.560308972073678 0.532171581769437 0.5567439096850861 0.5040214477211796 0.5537730243612596 0.5040214477211796 0.5549613784907903 0.532171581769437 0.560308972073678 0.532171581769437
0 0.5294117647058824 0.353887399463807 0.5317884729649436 0.36863270777479895 0.5401069518716578 0.37801608579088475 0.5448603683897801 0.3941018766756032 0.554367201426025 0.39946380697050937 0.5650623885918004 0.3793565683646113 0.5650623885918004 0.36595174262734587 0.560308972073678 0.35254691689008044 0.5412953060011884 0.3378016085790885 0.5323826500297089 0.32171581769436997 0.5294117647058824 0.3203753351206434 0.5234699940582294 0.33109919571045576 0.5222816399286988 0.3378016085790885 0.5294117647058824 0.353887399463807
0 0.5216874628639335 0.4075067024128686 0.5347593582887701 0.46246648793565687 0.5371360665478313 0.46246648793565687 0.5395127748068925 0.44638069705093836 0.5389185977421271 0.4249329758713137 0.5311942959001783 0.40214477211796246 0.5276292335115865 0.38069705093833783 0.5210932857991681 0.3766756032171582 0.5151515151515151 0.386058981233244 0.5145573380867499 0.39544235924932974 0.5216874628639335 0.4075067024128686
0 0.49673202614379086 0.4436997319034853 0.4979203802733215 0.45308310991957107 0.4925727866904338 0.4973190348525469 0.4943553178847297 0.5053619302949062 0.5199049316696376 0.4611260053619303 0.5359477124183006 0.46246648793565687 0.5329768270944741 0.4571045576407507 0.5341651812240048 0.4450402144772118 0.5288175876411171 0.435656836461126 0.5074272133095663 0.42761394101876676 0.4985145573380868 0.4101876675603217 0.4925727866904338 0.41420911528150134 0.49079025549613786 0.4343163538873995 0.49673202614379086 0.4436997319034853
0 0.506833036244801 0.4611260053619303 0.5098039215686275 0.46782841823056304 0.5038621509209745 0.4879356568364611 0.5050505050505051 0.5013404825737265 0.5086155674390969 0.5080428954423593 0.52465834818776 0.49195710455764075 0.5513963161021985 0.5067024128686327 0.5466428995840761 0.4959785522788204 0.5460487225193108 0.47989276139410186 0.5407011289364231 0.4691689008042896 0.5204991087344029 0.4597855227882038 0.5109922756981581 0.46514745308310995 0.506833036244801 0.4597855227882038 0.5074272133095663 0.45576407506702415 0.5038621509209745 0.45576407506702415 0.5014854426619133 0.4597855227882038 0.506833036244801 0.4611260053619303
0 0.5115864527629234 0.5107238605898123 0.5228758169934641 0.5348525469168901 0.5311942959001783 0.5415549597855228 0.5466428995840761 0.5428954423592494 0.5513963161021985 0.532171581769437 0.5513963161021985 0.5134048257372654 0.5460487225193108 0.5 0.518716577540107 0.4865951742627346 0.5193107546048723 0.49195710455764075 0.5115864527629234 0.5107238605898123
0 0.5056446821152704 0.5495978552278821 0.5038621509209745 0.5630026809651475 0.5086155674390969 0.5683646112600537 0.5074272133095663 0.6018766756032171 0.5014854426619133 0.6353887399463807 0.5086155674390969 0.6233243967828418 0.5204991087344029 0.5656836461126006 0.5329768270944741 0.546916890080429 0.5329768270944741 0.5402144772117963 0.5115864527629234 0.5134048257372654 0.5050505050505051 0.5134048257372654 0.500891265597148 0.5241286863270778 0.5014854426619133 0.5402144772117963 0.5056446821152704 0.5495978552278821
0 0.5294117647058824 0.6179624664879356 0.5282234105763518 0.6420911528150134 0.5228758169934641 0.6635388739946381 0.5288175876411171 0.6648793565683646 0.5323826500297089 0.6447721179624665 0.5383244206773619 0.6394101876675603 0.548425430778372 0.6487935656836461 0.5472370766488414 0.6715817694369973 0.5525846702317291 0.6729222520107239 0.560308972073678 0.6662198391420912 0.5620915032679739 0.660857908847185 0.5573380867498515 0.6219839142091153 0.5638740344622698 0.6085790884718498 0.5626856803327392 0.5857908847184987 0.5383244206773619 0.5576407506702413 0.5240641711229946 0.5536193029490617 0.5199049316696376 0.5723860589812333 0.5294117647058824 0.6179624664879356
0 0.4070112893642306 0.6957104557640751 0.41532976827094475 0.6957104557640751 0.41235888294711825 0.6823056300268097 0.4325609031491385 0.6474530831099196 0.4426619132501486 0.660857908847185 0.4438502673796792 0.7117962466487936 0.45692216280451575 0.7131367292225201 0.4575163398692811 0.5710455764075067 0.4557338086749852 0.5603217158176944 0.44919786096256686 0.5589812332439679 0.44503862150920975 0.5750670241286864 0.4319667260843732 0.5764075067024129 0.42899584076054664 0.5804289544235925 0.42899584076054664 0.5871313672922253 0.42424242424242425 0.5884718498659518 0.42543077837195487 0.5991957104557641 0.41948900772430187 0.6085790884718498 0.417706476530006 0.6179624664879356 0.41830065359477125 0.6501340482573726 0.40522875816993464 0.6849865951742627 0.40463458110516937 0.6916890080428955 0.4070112893642306 0.6957104557640751
0 0.40463458110516937 0.6058981233243967 0.41057635175282237 0.5871313672922253 0.4218657159833631 0.5844504021447722 0.42424242424242425 0.579088471849866 0.42245989304812837 0.5723860589812333 0.417706476530006 0.5697050938337802 0.40047534165181226 0.5857908847184987 0.4010695187165776 0.6018766756032171 0.40463458110516937 0.6058981233243967
0 0.40344622697563876 0.5442359249329759 0.4040404040404041 0.5563002680965148 0.4129530600118836 0.5442359249329759 0.4278074866310161 0.5750670241286864 0.44325609031491386 0.5737265415549598 0.4438502673796792 0.5656836461126006 0.45395127748068925 0.5536193029490617 0.4563279857397505 0.532171581769437 0.4604872251931076 0.5268096514745308 0.45989304812834225 0.5107238605898123 0.4527629233511587 0.5026809651474531 0.441473559120618 0.5134048257372654 0.41830065359477125 0.5120643431635389 0.4147355912061795 0.517426273458445 0.4099821746880571 0.5348525469168901 0.40344622697563876 0.5442359249329759
0 0.42245989304812837 0.5107238605898123 0.42899584076054664 0.5134048257372654 0.4349376114081997 0.5013404825737265 0.44325609031491386 0.5107238605898123 0.4497920380273322 0.5013404825737265 0.45989304812834225 0.46782841823056304 0.4604872251931076 0.4544235924932976 0.4563279857397505 0.4450402144772118 0.42602495543672014 0.4544235924932976 0.4147355912061795 0.4745308310991957 0.4147355912061795 0.49195710455764075 0.42245989304812837 0.5107238605898123
0 0.43434343434343436 0.4061662198391421 0.441473559120618 0.44235924932975873 0.4468211527035057 0.44906166219839144 0.4545454545454546 0.43699731903485256 0.4634581105169341 0.4316353887399464 0.46583481877599525 0.44906166219839144 0.47177658942364825 0.46514745308310995 0.4735591206179442 0.4839142091152815 0.47593582887700536 0.4812332439678284 0.4735591206179442 0.4597855227882038 0.4705882352941177 0.4544235924932976 0.4693998811645871 0.4316353887399464 0.47890671420083186 0.39276139410187666 0.47771836007130125 0.37533512064343166 0.47177658942364825 0.3699731903485255 0.43731431966726086 0.39276139410187666 0.43434343434343436 0.3967828418230563 0.43434343434343436 0.4061662198391421
0 0.4367201426024956 0.3873994638069705 0.4408793820558527 0.38873994638069703 0.46524064171123 0.3726541554959786 0.4705882352941177 0.35924932975871315 0.4735591206179442 0.35924932975871315 0.477124183006536 0.339142091152815 0.4741532976827095 0.3297587131367292 0.4604872251931076 0.32707774798927614 0.43909685086155675 0.33378016085790885 0.4319667260843732 0.3445040214477212 0.4319667260843732 0.3672922252010724 0.4367201426024956 0.3873994638069705
0 0.3315508021390375 0.1742627345844504 0.34284016636957815 0.20509383378016086 0.340463458110517 0.21983914209115282 0.33392751039809865 0.23056300268096516 0.33986928104575165 0.2319034852546917 0.34105763517528226 0.23726541554959785 0.33808674985145576 0.25067024128686327 0.34878193701723115 0.257372654155496 0.35175282234105765 0.2546916890080429 0.34581105169340465 0.2386058981233244 0.34640522875817 0.21715817694369974 0.35294117647058826 0.1863270777479893 0.3553178847296495 0.18498659517426275 0.3493761140819965 0.17158176943699732 0.3493761140819965 0.16219839142091153 0.35591206179441476 0.128686327077748 0.35591206179441476 0.09785522788203753 0.34759358288770054 0.09785522788203753 0.34640522875817 0.1126005361930295 0.33927510398098637 0.12332439678284182 0.33095662507427215 0.16621983914209115 0.3315508021390375 0.1742627345844504
0 0.30718954248366015 0.29758713136729226 0.31729055258467026 0.26541554959785524 0.32501485442661915 0.26005361930294907 0.33273915626856804 0.2158176943699732 0.33273915626856804 0.20911528150134048 0.3256090314913844 0.19839142091152814 0.32085561497326204 0.19973190348525469 0.31729055258467026 0.20911528150134048 0.30540701128936426 0.289544235924933 0.30718954248366015 0.29758713136729226
0 0.3077837195484254 0.3833780160857909 0.30362448009506837 0.4075067024128686 0.29827688651218065 0.42091152815013405 0.2976827094474154 0.4316353887399464 0.3077837195484254 0.43699731903485256 0.30600118835412954 0.42091152815013405 0.30837789661319076 0.41152815013404825 0.31016042780748665 0.4075067024128686 0.31729055258467026 0.4101876675603217 0.32026143790849676 0.40482573726541554 0.31610219845513965 0.3914209115281501 0.31491384432560904 0.37533512064343166 0.31907308377896615 0.36595174262734587 0.31788472964943554 0.3552278820375335 0.3196672608437314 0.3485254691689008 0.31729055258467026 0.34048257372654156 0.32501485442661915 0.32707774798927614 0.32442067736185387 0.3042895442359249 0.3285799168152109 0.28150134048257375 0.3256090314913844 0.26541554959785524 0.31788472964943554 0.26541554959785524 0.30718954248366015 0.29356568364611263 0.30065359477124187 0.3418230563002681 0.30065359477124187 0.35254691689008044 0.3077837195484254 0.3833780160857909
0 0.25133689839572193 0.4932975871313673 0.24361259655377304 0.5375335120643432 0.24480095068330365 0.5455764075067024 0.25133689839572193 0.5482573726541555 0.25133689839572193 0.5241286863270778 0.26262626262626265 0.5187667560321716 0.26024955436720143 0.514745308310992 0.2590612002376708 0.49865951742627346 0.26678550207961976 0.4691689008042896 0.26916221033868093 0.46782841823056304 0.26322043969102793 0.4436997319034853 0.26619132501485443 0.4249329758713137 0.27272727272727276 0.4128686327077748 0.27153891859774215 0.3900804289544236 0.26737967914438504 0.38471849865951746 0.2620320855614973 0.386058981233244 0.23885918003565063 0.45308310991957107 0.24064171122994654 0.47587131367292224 0.25133689839572193 0.4932975871313673
0 0.19370172311348782 0.6219839142091153 0.20558526440879382 0.7131367292225201 0.20202020202020204 0.7640750670241288 0.21271538918597743 0.757372654155496 0.21271538918597743 0.7640750670241288 0.21865715983363043 0.7680965147453084 0.21925133689839574 0.7613941018766757 0.21330956625074274 0.7466487935656837 0.22638146167557935 0.7037533512064343 0.21865715983363043 0.6581769436997319 0.21687462863933454 0.6327077747989276 0.21687462863933454 0.6233243967828418 0.22043969102792635 0.6166219839142091 0.22400475341651813 0.5911528150134049 0.22341057635175285 0.5670241286863271 0.21984551396316104 0.5589812332439679 0.21449792038027332 0.5589812332439679 0.20974450386215093 0.5683646112600537 0.20915032679738563 0.579088471849866 0.20202020202020204 0.5884718498659518 0.19845513963161024 0.6112600536193029 0.19370172311348782 0.6219839142091153