0 0.8801223241590214 0.6579310344827586 0.8837920489296636 0.6648275862068965 0.8941896024464832 0.6606896551724137 0.892354740061162 0.6441379310344827 0.8941896024464832 0.6220689655172413 0.890519877675841 0.6151724137931034 0.8886850152905198 0.6179310344827585 0.8844036697247706 0.6537931034482758 0.8801223241590214 0.6579310344827586
0 0.8788990825688073 0.5379310344827586 0.8874617737003058 0.553103448275862 0.8892966360856268 0.5668965517241379 0.8868501529051988 0.576551724137931 0.8868501529051988 0.6041379310344828 0.8941896024464832 0.6096551724137931 0.9058103975535168 0.6303448275862068 0.9039755351681956 0.6524137931034483 0.9143730886850152 0.6441379310344827 0.9143730886850152 0.6358620689655172 0.9064220183486238 0.6193103448275862 0.9045871559633027 0.5875862068965517 0.9125382262996942 0.5737931034482758 0.910703363914373 0.553103448275862 0.8831804281345565 0.49103448275862066 0.8764525993883792 0.49103448275862066 0.872782874617737 0.4979310344827586 0.8715596330275229 0.5062068965517241 0.8788990825688073 0.5379310344827586
0 0.8103975535168195 0.30344827586206896 0.8079510703363914 0.41931034482758617 0.8042813455657492 0.4275862068965517 0.8165137614678899 0.42482758620689653 0.8177370030581039 0.4179310344827586 0.8452599388379204 0.4179310344827586 0.8336391437308868 0.36275862068965514 0.8348623853211009 0.3310344827586207 0.8256880733944953 0.2827586206896551 0.8146788990825687 0.2551724137931034 0.8097859327217125 0.2551724137931034 0.8042813455657492 0.26620689655172414 0.8036697247706421 0.273103448275862 0.8103975535168195 0.30344827586206896
0 0.6519877675840978 0.1779310344827586 0.6538226299694189 0.1875862068965517 0.654434250764526 0.2827586206896551 0.6519877675840978 0.2882758620689655 0.6636085626911314 0.29931034482758617 0.6715596330275229 0.296551724137931 0.674617737003058 0.2924137931034482 0.6721712538226299 0.2772413793103448 0.6715596330275229 0.24 0.674617737003058 0.21931034482758618 0.6782874617737003 0.21379310344827585 0.6776758409785932 0.1986206896551724 0.6709480122324158 0.1779310344827586 0.6605504587155963 0.16275862068965516 0.654434250764526 0.1462068965517241 0.6483180428134556 0.1462068965517241 0.6452599388379204 0.15448275862068964 0.6464831804281345 0.17517241379310344 0.6519877675840978 0.1779310344827586
0 0.5535168195718654 0.5131034482758621 0.563914373088685 0.6289655172413793 0.5718654434250764 0.6289655172413793 0.5749235474006116 0.6220689655172413 0.5730886850152905 0.6068965517241379 0.5761467889908256 0.593103448275862 0.5749235474006116 0.5682758620689655 0.5847094801223242 0.5517241379310345 0.5865443425076452 0.5420689655172414 0.5847094801223242 0.5255172413793103 0.5577981651376146 0.46896551724137925 0.5504587155963302 0.46896551724137925 0.546788990825688 0.47724137931034477 0.546177370030581 0.4896551724137931 0.5535168195718654 0.5131034482758621
0 0.5064220183486238 0.3544827586206896 0.5113149847094801 0.3793103448275862 0.509480122324159 0.40137931034482754 0.5149847094801223 0.4068965517241379 0.5211009174311926 0.42482758620689653 0.5259938837920489 0.45241379310344826 0.5241590214067278 0.46344827586206894 0.5290519877675841 0.4606896551724138 0.5339449541284403 0.43448275862068964 0.5241590214067278 0.4027586206896551 0.5247706422018348 0.38068965517241377 0.528440366972477 0.36137931034482756 0.527217125382263 0.35172413793103446 0.5027522935779816 0.30344827586206896 0.4966360856269113 0.3020689655172414 0.4935779816513761 0.3089655172413793 0.4935779816513761 0.32275862068965516 0.5064220183486238 0.3544827586206896
0 0.5290519877675841 0.3751724137931034 0.5363914373088685 0.3751724137931034 0.5394495412844036 0.37103448275862067 0.5394495412844036 0.3641379310344827 0.5345565749235474 0.3475862068965517 0.5333333333333333 0.3268965517241379 0.5376146788990825 0.3172413793103448 0.5431192660550458 0.3172413793103448 0.5412844036697247 0.28965517241379307 0.5217125382262997 0.22896551724137928 0.5162079510703363 0.22896551724137928 0.5125382262996941 0.2372413793103448 0.5119266055045871 0.24551724137931033 0.5290519877675841 0.3751724137931034
0 0.40733944954128437 0.38068965517241377 0.4061162079510703 0.4027586206896551 0.4134556574923547 0.42068965517241375 0.4525993883792049 0.43448275862068964 0.4562691131498471 0.4317241379310344 0.4593272171253822 0.41103448275862065 0.4428134556574923 0.39999999999999997 0.4434250764525994 0.3544827586206896 0.4397553516819572 0.3448275862068965 0.4311926605504587 0.34344827586206894 0.41957186544342506 0.35172413793103446 0.4061162079510703 0.3462068965517241 0.400611620795107 0.3503448275862069 0.39755351681957185 0.3668965517241379 0.40733944954128437 0.38068965517241377
0 0.5229357798165137 0.6841379310344827 0.5180428134556575 0.7268965517241379 0.5223241590214067 0.7448275862068965 0.5223241590214067 0.7572413793103447 0.5168195718654434 0.7875862068965517 0.5082568807339449 0.7917241379310345 0.5070336391437309 0.7986206896551723 0.5149847094801223 0.8110344827586207 0.5186544342507645 0.809655172413793 0.5253822629969419 0.7737931034482758 0.5333333333333333 0.7986206896551723 0.5431192660550458 0.8027586206896551 0.5388379204892966 0.7558620689655172 0.5437308868501529 0.696551724137931 0.5431192660550458 0.6648275862068965 0.5382262996941896 0.6524137931034483 0.5357798165137614 0.6344827586206896 0.5290519877675841 0.6262068965517241 0.5259938837920489 0.6082758620689654 0.5186544342507645 0.6055172413793103 0.5143730886850153 0.6193103448275862 0.5155963302752293 0.6537931034482758 0.5229357798165137 0.6841379310344827
0 0.39082568807339446 0.48137931034482756 0.39388379204892965 0.5062068965517241 0.40122324159021405 0.4937931034482758 0.40550458715596327 0.4937931034482758 0.4165137614678899 0.5144827586206896 0.4134556574923547 0.529655172413793 0.42874617737003057 0.5241379310344827 0.4391437308868501 0.5351724137931034 0.4385321100917431 0.5489655172413793 0.4422018348623853 0.546206896551724 0.4458715596330275 0.5310344827586206 0.4391437308868501 0.5268965517241379 0.4318042813455657 0.5131034482758621 0.4256880733944954 0.4855172413793103 0.4281345565749235 0.4648275862068965 0.42324159021406726 0.4413793103448276 0.40183486238532107 0.4372413793103448 0.3951070336391437 0.44275862068965516 0.38776758409785933 0.4372413793103448 0.382262996941896 0.4413793103448276 0.38287461773700304 0.46206896551724136 0.39082568807339446 0.48137931034482756
0 0.36697247706422015 0.5544827586206896 0.3694189602446483 0.569655172413793 0.36146788990825685 0.6082758620689654 0.3620795107033639 0.6151724137931034 0.36697247706422015 0.6124137931034482 0.382262996941896 0.6303448275862068 0.382262996941896 0.6372413793103447 0.38837920489296635 0.6386206896551724 0.39571865443425075 0.6303448275862068 0.39266055045871556 0.6151724137931034 0.39571865443425075 0.6013793103448275 0.40856269113149846 0.6041379310344828 0.4110091743119266 0.6193103448275862 0.4146788990825688 0.6179310344827585 0.4207951070336391 0.6027586206896551 0.418348623853211 0.593103448275862 0.4110091743119266 0.593103448275862 0.4024464831804281 0.5779310344827586 0.40489296636085625 0.5489655172413793 0.400611620795107 0.5393103448275862 0.37186544342507644 0.5213793103448275 0.36697247706422015 0.5117241379310344 0.35963302752293574 0.5131034482758621 0.35596330275229354 0.5241379310344827 0.3565749235474006 0.536551724137931 0.36697247706422015 0.5544827586206896
0 0.3345565749235474 0.6275862068965516 0.34128440366972473 0.6399999999999999 0.3437308868501529 0.6551724137931034 0.3382262996941896 0.6758620689655171 0.34495412844036694 0.6744827586206896 0.3767584097859327 0.743448275862069 0.38287461773700304 0.7420689655172413 0.38654434250764524 0.7241379310344827 0.37431192660550455 0.7062068965517241 0.3697247706422018 0.7048275862068965 0.3657492354740061 0.6924137931034482 0.36697247706422015 0.6441379310344827 0.36330275229357795 0.6275862068965516 0.35045871559633024 0.6013793103448275 0.34311926605504584 0.5972413793103448 0.33761467889908253 0.5806896551724138 0.3314984709480122 0.5779310344827586 0.3290519877675841 0.5820689655172413 0.32782874617737 0.6013793103448275 0.3345565749235474 0.6275862068965516
0 0.3425076452599388 0.3310344827586207 0.3406727828746177 0.34344827586206894 0.34495412844036694 0.34344827586206894 0.3535168195718654 0.3255172413793103 0.3602446483180428 0.31999999999999995 0.36697247706422015 0.3310344827586207 0.3694189602446483 0.3793103448275862 0.3767584097859327 0.3793103448275862 0.3712538226299694 0.3255172413793103 0.37247706422018345 0.29931034482758617 0.37003058103975534 0.27034482758620687 0.37981651376146786 0.23448275862068962 0.37981651376146786 0.22206896551724137 0.3767584097859327 0.21517241379310342 0.3712538226299694 0.21517241379310342 0.35779816513761464 0.24827586206896549 0.35045871559633024 0.2786206896551724 0.3474006116207951 0.3213793103448276 0.3425076452599388 0.3310344827586207
0 0.33394495412844033 0.3089655172413793 0.33577981651376143 0.3379310344827586 0.3388379204892966 0.33379310344827584 0.3388379204892966 0.29379310344827586 0.34128440366972473 0.27448275862068966 0.3382262996941896 0.2634482758620689 0.3345565749235474 0.26206896551724135 0.3333333333333333 0.2675862068965517 0.3296636085626911 0.29103448275862065 0.33394495412844033 0.3089655172413793
0 0.3382262996941896 0.2593103448275862 0.3382262996941896 0.24551724137931033 0.3437308868501529 0.21241379310344827 0.34128440366972473 0.19586206896551722 0.3382262996941896 0.19172413793103446 0.3314984709480122 0.19586206896551722 0.33027522935779813 0.21655172413793103 0.3235474006116208 0.23862068965517239 0.3229357798165137 0.24827586206896549 0.3382262996941896 0.2593103448275862
0 0.2837920489296636 0.393103448275862 0.2886850152905199 0.40551724137931033 0.290519877675841 0.4041379310344827 0.2892966360856269 0.393103448275862 0.291131498470948 0.38620689655172413 0.2966360856269113 0.38068965517241377 0.3076452599388379 0.3544827586206896 0.3149847094801223 0.3489655172413793 0.3198776758409786 0.3558620689655172 0.3211009174311926 0.3655172413793103 0.3253822629969419 0.36275862068965514 0.3223241590214067 0.3255172413793103 0.3247706422018348 0.296551724137931 0.3382262996941896 0.26068965517241377 0.3351681957186544 0.2537931034482758 0.3247706422018348 0.24827586206896549 0.3211009174311926 0.25241379310344825 0.3107033639143731 0.27586206896551724 0.3009174311926605 0.31310344827586206 0.2990825688073394 0.34344827586206894 0.2837920489296636 0.393103448275862
0 0.310091743119266 0.4358620689655172 0.3290519877675841 0.42482758620689653 0.328440366972477 0.4179310344827586 0.3345565749235474 0.3875862068965517 0.3425076452599388 0.3696551724137931 0.34128440366972473 0.3558620689655172 0.3382262996941896 0.3489655172413793 0.33211009174311923 0.35172413793103446 0.3058103975535168 0.39999999999999997 0.3033639143730887 0.41931034482758617 0.310091743119266 0.4358620689655172
0 0.3192660550458715 0.4703448275862069 0.3425076452599388 0.44413793103448274 0.346177370030581 0.4372413793103448 0.3474006116207951 0.42482758620689653 0.3425076452599388 0.41379310344827586 0.3382262996941896 0.4124137931034482 0.3296636085626911 0.4262068965517241 0.310091743119266 0.43999999999999995 0.3015290519877676 0.45241379310344826 0.3033639143730887 0.47724137931034477 0.3192660550458715 0.4703448275862069
0 0.3113149847094801 0.5131034482758621 0.3162079510703364 0.5172413793103448 0.3204892966360856 0.5351724137931034 0.3198776758409786 0.5627586206896551 0.3247706422018348 0.5710344827586207 0.3308868501529052 0.569655172413793 0.3308868501529052 0.5503448275862068 0.3425076452599388 0.5503448275862068 0.3492354740061162 0.5337931034482758 0.3425076452599388 0.5075862068965517 0.34495412844036694 0.4786206896551724 0.34862385321100914 0.47724137931034477 0.3516819571865443 0.46758620689655167 0.35229357798165134 0.45793103448275857 0.3492354740061162 0.44827586206896547 0.33394495412844033 0.4551724137931034 0.3045871559633027 0.48 0.3051987767584098 0.4979310344827586 0.3113149847094801 0.5131034482758621
0 0.2966360856269113 0.6303448275862068 0.2892966360856269 0.6124137931034482 0.2844036697247706 0.6151724137931034 0.2837920489296636 0.6289655172413793 0.2966360856269113 0.6303448275862068
0 0.2660550458715596 0.5820689655172413 0.272782874617737 0.5820689655172413 0.2837920489296636 0.5627586206896551 0.2892966360856269 0.5406896551724137 0.2941896024464832 0.536551724137931 0.2935779816513761 0.529655172413793 0.2978593272171254 0.5227586206896552 0.2978593272171254 0.5144827586206896 0.2966360856269113 0.5103448275862068 0.2880733944954128 0.5158620689655172 0.2825688073394495 0.5075862068965517 0.2617737003058104 0.5337931034482758 0.25749235474006116 0.5448275862068965 0.25749235474006116 0.5668965517241379 0.2660550458715596 0.5820689655172413
0 0.25259938837920487 0.6482758620689655 0.25259938837920487 0.6606896551724137 0.24097859327217125 0.6827586206896551 0.24097859327217125 0.6979310344827586 0.2513761467889908 0.7034482758620689 0.272782874617737 0.673103448275862 0.2782874617737003 0.6937931034482758 0.2825688073394495 0.6951724137931033 0.2770642201834862 0.673103448275862 0.2788990825688073 0.649655172413793 0.2752293577981651 0.6317241379310344 0.28318042813455657 0.6055172413793103 0.2874617737003058 0.6 0.2886850152905199 0.5848275862068965 0.2862385321100917 0.5737931034482758 0.2788990825688073 0.5710344827586207 0.26850152905198776 0.5848275862068965 0.25749235474006116 0.5889655172413792 0.24709480122324157 0.6 0.24281345565749235 0.6124137931034482 0.2440366972477064 0.6289655172413793 0.25259938837920487 0.6482758620689655
0 0.1290519877675841 0.5503448275862068 0.13761467889908255 0.5558620689655172 0.15718654434250764 0.546206896551724 0.1694189602446483 0.5489655172413793 0.17064220183486237 0.546206896551724 0.1620795107033639 0.5282758620689655 0.16085626911314985 0.48137931034482756 0.1565749235474006 0.45379310344827584 0.1584097859327217 0.44827586206896547 0.16452599388379205 0.45241379310344826 0.17798165137614677 0.43448275862068964 0.16697247706422016 0.42068965517241375 0.17247706422018347 0.39586206896551723 0.17186544342507645 0.38068965517241377 0.1675840978593272 0.37241379310344824 0.16085626911314985 0.3751724137931034 0.13944954128440365 0.43862068965517237 0.1400611620795107 0.5020689655172413 0.1290519877675841 0.5503448275862068
0 0.10519877675840977 0.5655172413793103 0.10458715596330274 0.6193103448275862 0.11559633027522935 0.623448275862069 0.12721712538226299 0.6013793103448275 0.12171253822629968 0.593103448275862 0.11926605504587155 0.5779310344827586 0.11987767584097858 0.5117241379310344 0.12844036697247704 0.4551724137931034 0.12721712538226299 0.4413793103448276 0.11987767584097858 0.43448275862068964 0.11559633027522935 0.43862068965517237 0.11314984709480122 0.4455172413793103 0.11314984709480122 0.4606896551724138 0.10519877675840977 0.4896551724137931 0.10214067278287461 0.5117241379310344 0.10519877675840977 0.5655172413793103