0 0.8222222222222222 0.4730458221024259 0.8204678362573099 0.4932614555256065 0.8239766081871345 0.6361185983827493 0.8345029239766082 0.6374663072776281 0.835672514619883 0.6280323450134772 0.8456140350877193 0.6253369272237197 0.8526315789473684 0.6118598382749326 0.839766081871345 0.5741239892183289 0.8432748538011696 0.5525606469002696 0.8497076023391813 0.5498652291105122 0.8497076023391813 0.5256064690026955 0.8385964912280702 0.4703504043126685 0.8315789473684211 0.4514824797843666 0.8233918128654971 0.44609164420485176 0.8192982456140351 0.454177897574124 0.8187134502923977 0.46091644204851756 0.8222222222222222 0.4730458221024259
0 0.8578947368421053 0.3207547169811321 0.8643274853801169 0.33827493261455527 0.8654970760233919 0.35444743935309975 0.8625730994152047 0.37870619946091644 0.8590643274853801 0.3840970350404313 0.8619883040935673 0.39353099730458224 0.8736842105263158 0.39353099730458224 0.8760233918128655 0.3867924528301887 0.8730994152046784 0.33827493261455527 0.8783625730994152 0.3032345013477089 0.876608187134503 0.2668463611859838 0.8730994152046784 0.24123989218328842 0.8678362573099415 0.22911051212938008 0.8678362573099415 0.215633423180593 0.8637426900584796 0.21024258760107817 0.8578947368421053 0.215633423180593 0.8625730994152047 0.2749326145552561 0.8578947368421053 0.3207547169811321
0 0.7280701754385965 0.2115902964959569 0.7257309941520468 0.2722371967654987 0.7345029239766082 0.27358490566037735 0.7385964912280701 0.29110512129380056 0.7362573099415205 0.3113207547169812 0.7450292397660819 0.30997304582210244 0.7473684210526316 0.30188679245283023 0.7368421052631579 0.261455525606469 0.743859649122807 0.22641509433962265 0.7368421052631579 0.18194070080862534 0.7280701754385965 0.14690026954177898 0.7216374269005849 0.14420485175202158 0.7169590643274854 0.15229110512129382 0.716374269005848 0.16442048517520216 0.7280701754385965 0.2115902964959569
0 0.7064327485380117 0.22776280323450135 0.7128654970760234 0.27088948787061995 0.7105263157894737 0.2776280323450135 0.712280701754386 0.28571428571428575 0.7105263157894737 0.316711590296496 0.7128654970760234 0.34905660377358494 0.7064327485380117 0.3706199460916442 0.7140350877192982 0.37601078167115903 0.7169590643274854 0.37331536388140163 0.7198830409356726 0.35983827493261455 0.7239766081871345 0.362533692722372 0.7274853801169591 0.3584905660377359 0.7222222222222222 0.3140161725067386 0.7274853801169591 0.2789757412398922 0.7187134502923976 0.22641509433962265 0.7105263157894737 0.19946091644204852 0.7023391812865497 0.20215633423180593 0.7023391812865497 0.22237196765498654 0.7064327485380117 0.22776280323450135
0 0.6573099415204678 0.39353099730458224 0.6573099415204678 0.4110512129380054 0.6619883040935672 0.4366576819407008 0.660233918128655 0.4959568733153639 0.6649122807017543 0.5296495956873316 0.660233918128655 0.5606469002695418 0.6713450292397661 0.5539083557951483 0.6701754385964912 0.5202156334231807 0.6777777777777778 0.5148247978436657 0.6818713450292397 0.5242587601078167 0.6842105263157895 0.5512129380053908 0.6888888888888889 0.5525606469002696 0.6912280701754386 0.5471698113207547 0.6900584795321637 0.532345013477089 0.6783625730994152 0.48247978436657685 0.6789473684210526 0.4487870619946092 0.6748538011695907 0.431266846361186 0.6730994152046784 0.3948787061994609 0.6666666666666666 0.3814016172506739 0.6637426900584795 0.3638814016172507 0.6573099415204678 0.362533692722372 0.6543859649122807 0.3679245283018868 0.6538011695906433 0.3840970350404313 0.6573099415204678 0.39353099730458224
0 0.5380116959064327 0.6482479784366577 0.5415204678362573 0.6711590296495957 0.5374269005847954 0.7088948787061995 0.5461988304093567 0.7520215633423181 0.5421052631578948 0.7695417789757413 0.5637426900584795 0.7654986522911051 0.5637426900584795 0.7277628032345014 0.5608187134502924 0.706199460916442 0.5625730994152047 0.6927223719676551 0.5672514619883041 0.6846361185983828 0.5508771929824562 0.6091644204851753 0.5450292397660819 0.5997304582210243 0.5432748538011696 0.5889487870619946 0.5362573099415204 0.5808625336927224 0.531578947368421 0.5902964959568734 0.532748538011696 0.633423180592992 0.5380116959064327 0.6482479784366577
0 0.38362573099415204 0.8140161725067386 0.3929824561403509 0.8733153638814016 0.39473684210526316 0.9245283018867925 0.3853801169590643 0.9420485175202157 0.4 0.9447439353099731 0.4046783625730994 0.9164420485175203 0.4035087719298246 0.8746630727762804 0.40935672514619886 0.8504043126684636 0.41637426900584795 0.839622641509434 0.41695906432748536 0.8153638814016173 0.38070175438596493 0.7533692722371969 0.37485380116959066 0.7533692722371969 0.3701754385964912 0.7628032345013478 0.3695906432748538 0.7816711590296497 0.38362573099415204 0.8140161725067386
0 0.508187134502924 0.46495956873315364 0.512280701754386 0.4784366576819407 0.5128654970760234 0.4986522911051213 0.5105263157894737 0.5148247978436657 0.5175438596491229 0.5202156334231807 0.5175438596491229 0.5431266846361186 0.5222222222222223 0.5444743935309974 0.5257309941520468 0.5390835579514826 0.5216374269005848 0.5067385444743936 0.5280701754385965 0.5 0.5450292397660819 0.5161725067385445 0.5491228070175439 0.532345013477089 0.552046783625731 0.532345013477089 0.552046783625731 0.5107816711590297 0.539766081871345 0.4973045822102426 0.5362573099415204 0.47978436657681944 0.5368421052631579 0.45822102425876016 0.532748538011696 0.4393530997304582 0.5228070175438596 0.4393530997304582 0.5023391812865498 0.42048517520215634 0.495906432748538 0.4285714285714286 0.4964912280701754 0.4487870619946092 0.508187134502924 0.46495956873315364
0 0.5362573099415204 0.35444743935309975 0.5567251461988304 0.44339622641509435 0.5549707602339181 0.4487870619946092 0.5678362573099416 0.4447439353099731 0.5637426900584795 0.41644204851752026 0.5701754385964912 0.4056603773584906 0.5830409356725146 0.4231805929919138 0.5859649122807018 0.4420485175202157 0.5883040935672514 0.44339622641509435 0.591812865497076 0.43530997304582214 0.5923976608187135 0.4285714285714286 0.5801169590643275 0.4029649595687332 0.5760233918128655 0.3840970350404313 0.5789473684210527 0.3611859838274933 0.5777777777777778 0.34636118598382754 0.5649122807017544 0.3369272237196766 0.5391812865497077 0.33827493261455527 0.5362573099415204 0.3423180592991914 0.5362573099415204 0.35444743935309975
0 0.5771929824561404 0.27358490566037735 0.5865497076023392 0.3140161725067386 0.5842105263157895 0.33557951482479786 0.5842105263157895 0.3477088948787062 0.5877192982456141 0.3611859838274933 0.5865497076023392 0.3652291105121294 0.6011695906432749 0.37331536388140163 0.5976608187134503 0.3867924528301887 0.5988304093567252 0.3921832884097035 0.6087719298245614 0.3894878706199461 0.6093567251461989 0.37870619946091644 0.6017543859649123 0.3477088948787062 0.6029239766081872 0.33018867924528306 0.6087719298245614 0.30727762803234504 0.6087719298245614 0.29245283018867924 0.5818713450292398 0.24123989218328842 0.5777777777777778 0.23989218328840972 0.572514619883041 0.2506738544474394 0.5730994152046783 0.26819407008086255 0.5771929824561404 0.27358490566037735
0 0.604093567251462 0.215633423180593 0.6017543859649123 0.23180592991913748 0.6076023391812866 0.24528301886792453 0.6052631578947368 0.25471698113207547 0.6099415204678362 0.2722371967654987 0.6111111111111112 0.28975741239892183 0.6157894736842106 0.2951482479784367 0.6192982456140351 0.3113207547169812 0.6181286549707602 0.3194070080862534 0.623391812865497 0.3194070080862534 0.624561403508772 0.3113207547169812 0.6175438596491228 0.2789757412398922 0.6239766081871345 0.23315363881401618 0.6228070175438597 0.2196765498652291 0.6111111111111112 0.18463611859838275 0.6046783625730995 0.1765498652291105 0.6005847953216374 0.16307277628032346 0.5947368421052631 0.16037735849056606 0.5912280701754387 0.16711590296495957 0.591812865497076 0.18867924528301888 0.604093567251462 0.215633423180593
0 0.4982456140350877 0.26010781671159033 0.5023391812865498 0.24797843665768196 0.5099415204678363 0.2574123989218329 0.512280701754386 0.2722371967654987 0.5222222222222223 0.2762803234501348 0.5257309941520468 0.27088948787061995 0.5321637426900585 0.24393530997304583 0.5309941520467837 0.23315363881401618 0.5251461988304094 0.22776280323450135 0.5222222222222223 0.23450134770889489 0.4982456140350877 0.24258760107816713 0.49473684210526314 0.24797843665768196 0.49415204678362573 0.261455525606469 0.4982456140350877 0.26010781671159033
0 0.3280701754385965 0.39622641509433965 0.32456140350877194 0.3814016172506739 0.3280701754385965 0.3584905660377359 0.3175438596491228 0.38005390835579517 0.3175438596491228 0.3921832884097035 0.3280701754385965 0.39622641509433965
0 0.3309941520467836 0.3557951482479785 0.3350877192982456 0.3450134770889488 0.33742690058479535 0.3247978436657682 0.34093567251461987 0.3247978436657682 0.3456140350877193 0.34097035040431267 0.3514619883040936 0.3423180592991914 0.3532163742690059 0.3369272237196766 0.3491228070175439 0.31805929919137466 0.3514619883040936 0.30188679245283023 0.36257309941520466 0.3032345013477089 0.36257309941520466 0.29110512129380056 0.3584795321637427 0.27358490566037735 0.36257309941520466 0.25471698113207547 0.3631578947368421 0.23719676549865232 0.352046783625731 0.23180592991913748 0.34502923976608185 0.2587601078167116 0.3304093567251462 0.29649595687331537 0.3280701754385965 0.353099730458221 0.3309941520467836 0.3557951482479785
0 0.3175438596491228 0.7479784366576819 0.3257309941520468 0.7506738544474394 0.32514619883040935 0.7318059299191375 0.32748538011695905 0.7210242587601079 0.3385964912280702 0.702156334231806 0.347953216374269 0.6765498652291105 0.3526315789473684 0.6805929919137467 0.35906432748538014 0.6981132075471699 0.35906432748538014 0.7452830188679246 0.3701754385964912 0.7479784366576819 0.36608187134502923 0.6145552560646901 0.37543859649122807 0.5835579514824798 0.3736842105263158 0.5673854447439354 0.3695906432748538 0.5646900269541779 0.36140350877192984 0.5700808625336927 0.34502923976608185 0.610512129380054 0.3368421052631579 0.6415094339622642 0.3350877192982456 0.6684636118598383 0.3280701754385965 0.6994609164420486 0.3152046783625731 0.7304582210242588 0.3146198830409357 0.7398921832884098 0.3175438596491228 0.7479784366576819
0 0.23099415204678364 0.9002695417789758 0.23625730994152047 0.9002695417789758 0.23859649122807017 0.8867924528301887 0.247953216374269 0.8733153638814016 0.2567251461988304 0.8450134770889488 0.2742690058479532 0.8584905660377359 0.2742690058479532 0.8369272237196766 0.2713450292397661 0.8288409703504044 0.2719298245614035 0.7978436657681941 0.27485380116959063 0.7681940700808626 0.2801169590643275 0.7479784366576819 0.2777777777777778 0.7304582210242588 0.27017543859649124 0.7264150943396227 0.26666666666666666 0.7331536388140162 0.247953216374269 0.8113207547169812 0.24502923976608187 0.8544474393530997 0.23099415204678364 0.9002695417789758
0 0.3742690058479532 0.5 0.3695906432748538 0.5444743935309974 0.356140350877193 0.5741239892183289 0.35906432748538014 0.5795148247978437 0.3631578947368421 0.568733153638814 0.37660818713450295 0.555256064690027 0.3853801169590643 0.5283018867924528 0.3935672514619883 0.5377358490566038 0.39590643274853804 0.545822102425876 0.40058479532163743 0.5889487870619946 0.4099415204678363 0.5943396226415094 0.4046783625730994 0.5673854447439354 0.404093567251462 0.5309973045822103 0.39883040935672515 0.5053908355795148 0.3976608187134503 0.48247978436657685 0.4017543859649123 0.454177897574124 0.4058479532163743 0.4420485175202157 0.4046783625730994 0.42452830188679247 0.40116959064327484 0.41913746630727766 0.39415204678362575 0.42048517520215634 0.3888888888888889 0.4474393530997305 0.3830409356725146 0.4568733153638814 0.38070175438596493 0.47708894878706204 0.3742690058479532 0.5
0 0.4473684210526316 0.4420485175202157 0.43508771929824563 0.4811320754716981 0.43508771929824563 0.49056603773584906 0.4461988304093567 0.4946091644204852 0.443859649122807 0.4811320754716981 0.45029239766081874 0.46226415094339623 0.4625730994152047 0.4757412398921833 0.47017543859649125 0.4730458221024259 0.4654970760233918 0.46630727762803237 0.4631578947368421 0.4501347708894879 0.4672514619883041 0.4029649595687332 0.46374269005847957 0.3692722371967655 0.4421052631578947 0.38005390835579517 0.43508771929824563 0.39622641509433965 0.43508771929824563 0.4123989218328841 0.4473684210526316 0.4420485175202157
0 0.4497076023391813 0.37870619946091644 0.45263157894736844 0.37870619946091644 0.4760233918128655 0.4231805929919138 0.4807017543859649 0.4487870619946092 0.4777777777777778 0.3894878706199461 0.4824561403508772 0.37331536388140163 0.4842105263157895 0.35175202156334234 0.4777777777777778 0.3436657681940701 0.46900584795321637 0.3450134770889488 0.45263157894736844 0.35983827493261455 0.44912280701754387 0.3679245283018868 0.4497076023391813 0.37870619946091644
0 0.49415204678362573 0.37196765498652296 0.49415204678362573 0.41644204851752026 0.4982456140350877 0.41778975741239893 0.4982456140350877 0.408355795148248 0.5035087719298246 0.3975741239892184 0.5093567251461988 0.40431266846361186 0.5216374269005848 0.3948787061994609 0.5298245614035088 0.4002695417789758 0.5192982456140351 0.3652291105121294 0.5239766081871345 0.3234501347708895 0.5222222222222223 0.30997304582210244 0.5187134502923977 0.3086253369272237 0.5035087719298246 0.3274932614555256 0.48771929824561405 0.3369272237196766 0.4865497076023392 0.3423180592991914 0.49415204678362573 0.37196765498652296
0 0.5205078125 0.287109375 0.5224609375 0.29296875 0.5224609375 0.306640625 0.51953125 0.3125 0.5107421875 0.31640625 0.4970703125 0.33203125 0.490234375 0.3359375 0.484375 0.333984375 0.4833984375 0.326171875 0.478515625 0.3203125 0.478515625 0.30078125 0.5068359375 0.29296875 0.513671875 0.28515625 0.51953125 0.287109375
0 0.4824561403508772 0.2978436657681941 0.5064327485380117 0.29245283018867924 0.5134502923976608 0.2789757412398922 0.508187134502924 0.26010781671159033 0.49415204678362573 0.26280323450134774 0.4842105263157895 0.2749326145552561 0.4812865497076024 0.28840970350404316 0.4824561403508772 0.2978436657681941