0 0.6012658227848101 0.33109919571045576 0.6150747986191024 0.353887399463807 0.61795166858458 0.4410187667560322 0.6144994246260069 0.44906166219839144 0.6200615650172612 0.450402144772118 0.6231300345224395 0.4664879356568365 0.6219792865362486 0.4745308310991957 0.6334867663981588 0.47587131367292224 0.6357882623705409 0.4664879356568365 0.6311852704257768 0.4155495978552279 0.6398158803222095 0.37533512064343166 0.6409666283084005 0.353887399463807 0.6300345224395857 0.32707774798927614 0.6110471806674338 0.30294906166219837 0.6087456846950517 0.29490616621983917 0.6024165707710012 0.29088471849865954 0.5972382048331415 0.29758713136729226 0.596662830840046 0.31233243967828417 0.6012658227848101 0.33109919571045576
0 0.5776754890678941 0.2667560321715818 0.5811277330264673 0.28150134048257375 0.5863060989643268 0.2868632707774799 0.5897583429228999 0.3766756032171582 0.6012658227848101 0.3766756032171582 0.5995397008055235 0.4061662198391421 0.6110471806674338 0.403485254691689 0.6133486766398158 0.39276139410187666 0.6041426927502876 0.34986595174262736 0.6041426927502876 0.3378016085790885 0.5995397008055235 0.32439678284182305 0.6116225546605294 0.30294906166219837 0.6156501726121979 0.30563002680965146 0.6162255466052935 0.2855227882037534 0.5886075949367089 0.24396782841823056 0.5828538550057537 0.22654155495978553 0.5771001150747986 0.22654155495978553 0.5724971231300345 0.23726541554959785 0.5713463751438435 0.2546916890080429 0.5776754890678941 0.2667560321715818
0 0.6087456846950517 0.18900804289544237 0.6162255466052935 0.18900804289544237 0.619102416570771 0.1836461126005362 0.6185270425776755 0.14343163538873996 0.6271576524741082 0.14209115281501342 0.6288837744533947 0.15415549597855227 0.6421173762945915 0.17828418230563003 0.6415420023014959 0.19034852546916892 0.6432681242807825 0.19436997319034852 0.6472957422324511 0.19168900804289546 0.6490218642117376 0.18498659517426275 0.6472957422324511 0.1742627345844504 0.6346375143843498 0.1447721179624665 0.6357882623705409 0.13270777479892762 0.640391254315305 0.1260053619302949 0.6409666283084005 0.09249329758713137 0.6392405063291139 0.08579088471849866 0.6231300345224395 0.06032171581769437 0.616800920598389 0.0388739946380697 0.6121979286536249 0.0388739946380697 0.6070195627157653 0.05227882037533512 0.6093210586881473 0.07908847184986595 0.6087456846950517 0.18900804289544237
0 0.5051783659378596 0.12198391420911528 0.5161104718066744 0.16085790884718498 0.5138089758342923 0.17292225201072386 0.5155350978135789 0.22922252010723862 0.5132336018411968 0.2479892761394102 0.5074798619102416 0.26005361930294907 0.515343498273878 0.2613941018766756 0.523590333716916 0.2801608579088472 0.5327963176064442 0.2774798927613941 0.5356731875719217 0.27211796246648795 0.5316455696202531 0.24664879356568364 0.5304948216340621 0.2064343163538874 0.5368239355581128 0.15683646112600536 0.5299194476409667 0.13136729222520108 0.5149597238204833 0.1032171581769437 0.5120828538550057 0.08445040214477212 0.5051783659378596 0.08176943699731903 0.5005753739930955 0.09115281501340483 0.501150747986191 0.11528150134048258 0.5051783659378596 0.12198391420911528
0 0.4735327963176064 0.24396782841823056 0.4798619102416571 0.30294906166219837 0.4815880322209436 0.3485254691689008 0.48504027617951667 0.34986595174262736 0.48676639815880324 0.33646112600536193 0.4936708860759494 0.32171581769436997 0.5063291139240507 0.34316353887399464 0.5086306098964327 0.3579088471849866 0.5149597238204833 0.3579088471849866 0.5161104718066744 0.34986595174262736 0.5040276179516686 0.3190348525469169 0.501150747986191 0.2989276139410188 0.5057537399309551 0.2640750670241287 0.5051783659378596 0.2520107238605898 0.4982738780207135 0.23324396782841825 0.48388952819332565 0.21045576407506703 0.48043728423475257 0.19034852546916892 0.4718066743383199 0.18900804289544237 0.4672036823935558 0.20107238605898123 0.4666283084004603 0.2131367292225201 0.4735327963176064 0.24396782841823056
0 0.4654775604142693 0.3766756032171582 0.4798619102416571 0.40214477211796246 0.49712313003452246 0.3967828418230563 0.5155350978135789 0.4008042895442359 0.5155350978135789 0.3726541554959786 0.5115074798619103 0.36193029490616624 0.5 0.3552278820375335 0.49252013808975836 0.3579088471849866 0.47410817031070196 0.34316353887399464 0.4666283084004603 0.34584450402144773 0.46317606444188725 0.3552278820375335 0.4654775604142693 0.3766756032171582
0 0.5443037974683544 0.39946380697050937 0.5581127733026467 0.44638069705093836 0.5535097813578826 0.46514745308310995 0.5529344073647872 0.4879356568364611 0.5604142692750288 0.5120643431635389 0.5667433831990794 0.5134048257372654 0.5701956271576525 0.5254691689008043 0.5742232451093211 0.5241286863270778 0.5776754890678941 0.5134048257372654 0.570771001150748 0.4785522788203753 0.5724971231300345 0.46782841823056304 0.5811277330264673 0.44906166219839144 0.5817031070195627 0.4249329758713137 0.5569620253164557 0.3820375335120644 0.5500575373993095 0.3632707774798928 0.543728423475259 0.3632707774798928 0.5385500575373993 0.3766756032171582 0.5379746835443038 0.3900804289544236 0.5443037974683544 0.39946380697050937
0 0.4712313003452244 0.42761394101876676 0.47295742232451093 0.4450402144772118 0.5120828538550057 0.4705093833780161 0.5149597238204833 0.4691689008042896 0.5155350978135789 0.45844504021447724 0.5247410817031071 0.4597855227882038 0.525891829689298 0.4664879356568365 0.5322209436133487 0.45844504021447724 0.5299194476409667 0.4383378016085791 0.5184119677790564 0.435656836461126 0.5172612197928653 0.4128686327077748 0.5132336018411968 0.403485254691689 0.5017261219792866 0.39544235924932974 0.4861910241657077 0.403485254691689 0.47756041426927504 0.4008042895442359 0.4712313003452244 0.3900804289544236 0.4660529344073648 0.39812332439678283 0.4660529344073648 0.41823056300268097 0.4712313003452244 0.42761394101876676
0 0.4735327963176064 0.4906166219839142 0.4781357882623705 0.4959785522788204 0.4815880322209436 0.5160857908847185 0.4798619102416571 0.5495978552278821 0.47468354430379744 0.5817694369973191 0.4798619102416571 0.5817694369973191 0.4844649021864212 0.5723860589812333 0.5028768699654775 0.593833780160858 0.5138089758342923 0.5844504021447722 0.5155350978135789 0.5804289544235925 0.5143843498273878 0.5710455764075067 0.5253164556962026 0.5563002680965148 0.5327963176064442 0.5522788203753352 0.5397008055235903 0.5563002680965148 0.5397008055235903 0.5509383378016086 0.5184119677790564 0.5442359249329759 0.5155350978135789 0.5308310991957105 0.5189873417721519 0.5227882037533512 0.5230149597238205 0.48927613941018766 0.5149597238204833 0.4718498659517426 0.4919447640966628 0.4611260053619303 0.4844649021864212 0.46246648793565687 0.4810126582278481 0.4450402144772118 0.4706559263521289 0.44638069705093836 0.46835443037974683 0.4544235924932976 0.46777905638665135 0.4705093833780161 0.4735327963176064 0.4906166219839142
0 0.5391254315304949 0.5308310991957105 0.5529344073647872 0.6809651474530831 0.5506329113924051 0.6849865951742627 0.5627157652474108 0.6863270777479893 0.5661680092059839 0.67828418230563 0.5650172612197929 0.6702412868632708 0.571921749136939 0.6581769436997319 0.570771001150748 0.6193029490616622 0.5684695051783659 0.6085790884718498 0.5776754890678941 0.5697050938337802 0.5776754890678941 0.5495978552278821 0.5753739930955121 0.5388739946380697 0.5627157652474108 0.514745308310992 0.5512082853855006 0.5026809651474531 0.547180667433832 0.4839142091152815 0.5391254315304949 0.47989276139410186 0.5333716915995397 0.49195710455764075 0.5327963176064442 0.5093833780160858 0.5391254315304949 0.5308310991957105
0 0.383199079401611 0.5375335120643432 0.38377445339470656 0.6099195710455764 0.3993095512082854 0.6126005361930295 0.4159953970080552 0.5831099195710456 0.4223245109321059 0.6045576407506702 0.428078250863061 0.6018766756032171 0.42117376294591485 0.579088471849866 0.4159953970080552 0.532171581769437 0.4177215189873418 0.5214477211796247 0.43210586881472957 0.4879356568364611 0.4286536248561565 0.4718498659517426 0.4205983889528193 0.46782841823056304 0.379746835443038 0.48257372654155495 0.3751438434982739 0.4973190348525469 0.37456846950517836 0.517426273458445 0.383199079401611 0.5375335120643432
0 0.380897583429229 0.4785522788203753 0.3941311852704258 0.4839142091152815 0.40276179516685845 0.4745308310991957 0.4159953970080552 0.4718498659517426 0.4240506329113924 0.46246648793565687 0.43037974683544306 0.4316353887399464 0.42922899884925203 0.42091152815013405 0.42117376294591485 0.41823056300268097 0.41714614499424624 0.4249329758713137 0.4004602991944764 0.4289544235924933 0.3803222094361335 0.4436997319034853 0.378596087456847 0.4638069705093834 0.380897583429229 0.4785522788203753
0 0.4016110471806674 0.42761394101876676 0.42922899884925203 0.4168900804289544 0.428078250863061 0.40884718498659517 0.43095512082853854 0.39544235924932974 0.42462600690448793 0.386058981233244 0.4240506329113924 0.3900804289544236 0.42002301495972383 0.386058981233244 0.3970080552359033 0.39544235924932974 0.38434982738780205 0.4101876675603217 0.379746835443038 0.42359249329758714 0.379746835443038 0.4450402144772118 0.4016110471806674 0.42761394101876676
0 0.4148446490218642 0.38873994638069703 0.41657077100115075 0.3833780160857909 0.4298043728423475 0.38873994638069703 0.43843498273878023 0.4155495978552279 0.43670886075949367 0.4222520107238606 0.43843498273878023 0.4410187667560322 0.44591484464902187 0.4436997319034853 0.44591484464902187 0.4343163538873995 0.4424626006904488 0.4316353887399464 0.4424626006904488 0.4155495978552279 0.44936708860759494 0.39812332439678283 0.4533947065592635 0.37131367292225204 0.44936708860759494 0.35924932975871315 0.4441887226697353 0.35656836461126007 0.4361334867663982 0.3646112600536193 0.40563866513233604 0.3739946380697051 0.3970080552359033 0.38873994638069703 0.40218642117376296 0.39544235924932974 0.4148446490218642 0.38873994638069703
0 0.40736478711162255 0.3726541554959786 0.42635212888377444 0.3699731903485255 0.43210586881472957 0.36193029490616624 0.4315304948216341 0.3552278820375335 0.4361334867663982 0.34316353887399464 0.4361334867663982 0.33378016085790885 0.42922899884925203 0.3203753351206434 0.42289988492520136 0.3203753351206434 0.4079401611047181 0.33378016085790885 0.3998849252013809 0.34718498659517427 0.4004602991944764 0.35656836461126007 0.40736478711162255 0.3726541554959786
0 0.10126582278481013 0.4343163538873995 0.10069044879171461 0.49865951742627346 0.10874568469505179 0.5040214477211796 0.11507479861910241 0.5013404825737265 0.11565017261219793 0.4973190348525469 0.11162255466052934 0.4932975871313673 0.11162255466052934 0.4812332439678284 0.11680092059838895 0.47587131367292224 0.11047180667433831 0.46782841823056304 0.10874568469505179 0.4564343163538874 0.11162255466052934 0.4008042895442359 0.1144994246260069 0.3793565683646113 0.12658227848101267 0.35924932975871315 0.1323360184119678 0.33646112600536193 0.1323360184119678 0.3109919571045576 0.12715765247410818 0.3002680965147453 0.11737629459148446 0.30294906166219837 0.11334867663981588 0.3257372654155496 0.10126582278481013 0.3445040214477212 0.08860759493670886 0.3739946380697051 0.09148446490218642 0.4008042895442359 0.10126582278481013 0.4343163538873995
0 0.3187571921749137 0.2359249329758713 0.3193325661680092 0.22386058981233245 0.34349827387802073 0.1769436997319035 0.3504027617951669 0.18900804289544237 0.3538550057537399 0.24262734584450402 0.3567318757192175 0.2453083109919571 0.3624856156501726 0.23994638069705093 0.3538550057537399 0.11528150134048258 0.357307249712313 0.07238605898123325 0.3538550057537399 0.058981233243967826 0.3486766398158803 0.05630026809651475 0.34522439585730724 0.06166219839142091 0.3383199079401611 0.10857908847184987 0.3377445339470656 0.13002680965147453 0.333716915995397 0.14209115281501342 0.3273878020713464 0.18900804289544237 0.3141542002301496 0.21983914209115282 0.3141542002301496 0.2359249329758713 0.3187571921749137 0.2359249329758713
0 0.3912543153049482 0.15147453083109919 0.39815880322209435 0.17292225201072386 0.3912543153049482 0.20911528150134048 0.3993095512082854 0.24128686327077747 0.40563866513233604 0.28418230563002683 0.404487917146145 0.289544235924933 0.4079401611047181 0.29088471849865954 0.41196777905638665 0.2828418230563003 0.40678941311852707 0.15951742627345844 0.41254315304948214 0.12734584450402145 0.4079401611047181 0.11126005361930295 0.4004602991944764 0.11394101876675604 0.3993095512082854 0.12734584450402145 0.3912543153049482 0.15147453083109919
0 0.35615650172612195 0.30160857908847183 0.3383199079401611 0.34048257372654156 0.3429228998849252 0.35254691689008044 0.34982738780207134 0.3552278820375335 0.3486766398158803 0.33378016085790885 0.3670886075949367 0.2989276139410188 0.3716915995397008 0.2761394101876676 0.3814729574223245 0.2761394101876676 0.38262370540851554 0.2922252010723861 0.3878020713463751 0.2922252010723861 0.39010356731875717 0.2707774798927614 0.3849252013808976 0.2453083109919571 0.3849252013808976 0.22922252010723862 0.39815880322209435 0.17828418230563003 0.39758342922899886 0.17024128686327078 0.3941311852704258 0.15951742627345844 0.38722669735327964 0.15683646112600536 0.38377445339470656 0.16219839142091153 0.3814729574223245 0.1769436997319035 0.3693901035673188 0.20241286863270777 0.3613348676639816 0.24932975871313673 0.35615650172612195 0.30160857908847183
0 0.3716915995397008 0.3378016085790885 0.3906789413118527 0.3324396782841823 0.40103567318757194 0.3512064343163539 0.40678941311852707 0.3351206434316354 0.4148446490218642 0.3257372654155496 0.41829689298043726 0.3297587131367292 0.4223245109321059 0.3163538873994638 0.4223245109321059 0.29758713136729226 0.4177215189873418 0.2855227882037534 0.41369390103567316 0.2855227882037534 0.4085155350978136 0.29356568364611263 0.37917146144994246 0.3002680965147453 0.3722669735327963 0.3096514745308311 0.36996547756041426 0.31769436997319034 0.3716915995397008 0.3378016085790885
0 0.36622554660529344 0.40415549597855227 0.36881472957422323 0.42091152815013405 0.3630609896432681 0.44906166219839144 0.3624856156501726 0.46514745308310995 0.3716915995397008 0.4705093833780161 0.36823935558112775 0.4611260053619303 0.39758342922899886 0.3766756032171582 0.40218642117376296 0.37533512064343166 0.4039125431530495 0.36863270777479895 0.3941311852704258 0.339142091152815 0.3849252013808976 0.33378016085790885 0.36996547756041426 0.3445040214477212 0.3578826237054085 0.37131367292225204 0.35903337169159955 0.3914209115281501 0.36622554660529344 0.40415549597855227