0 0.7274809160305343 0.2704309063893016 0.7297709923664122 0.3952451708766716 0.7396946564885496 0.39821693907875183 0.7458015267175573 0.37444279346210996 0.7465648854961832 0.33580980683506684 0.7557251908396947 0.29123328380386326 0.7343511450381679 0.2139673105497771 0.7267175572519083 0.20802377414561662 0.7183206106870229 0.21842496285289748 0.7183206106870229 0.237741456166419 0.7274809160305343 0.2704309063893016
0 0.6954198473282442 0.27488855869242196 0.6992366412213741 0.3343239227340267 0.6938931297709924 0.3714710252600297 0.6923664122137404 0.41604754829123325 0.683969465648855 0.43387815750371467 0.6977099236641221 0.4353640416047548 0.7022900763358778 0.37295690936106984 0.7122137404580152 0.3655274888558692 0.7244274809160305 0.40416047548291234 0.7267175572519083 0.41753343239227336 0.7244274809160305 0.4353640416047548 0.7343511450381679 0.43833580980683506 0.7167938931297709 0.2689450222882615 0.7076335877862595 0.2540861812778603 0.7091603053435115 0.24814264487369983 0.7030534351145038 0.2303120356612184 0.6954198473282442 0.2303120356612184 0.6908396946564885 0.2436849925705795 0.6969465648854962 0.2615156017830609 0.6954198473282442 0.27488855869242196
0 0.649618320610687 0.1901931649331352 0.6450381679389313 0.19910846953937592 0.6587786259541984 0.19910846953937592 0.6610687022900763 0.150074294205052 0.665648854961832 0.1411589895988113 0.6740458015267176 0.150074294205052 0.6877862595419847 0.18424962852897472 0.6900763358778625 0.19465081723625557 0.6877862595419847 0.212481426448737 0.6992366412213741 0.2050520059435364 0.6992366412213741 0.19316493313521543 0.6900763358778625 0.16939078751857353 0.6770992366412214 0.10698365527488855 0.6709923664122137 0.06240713224368499 0.6549618320610687 0.02674591381872214 0.650381679389313 0.02674591381872214 0.6458015267175572 0.04309063893016345 0.6526717557251909 0.0713224368499257 0.649618320610687 0.1901931649331352
0 0.5946564885496183 0.15453194650817237 0.5893129770992367 0.22436849925705793 0.5893129770992367 0.237741456166419 0.5923664122137404 0.24071322436849923 0.5977099236641221 0.2065378900445765 0.5954198473282443 0.1961367013372957 0.599236641221374 0.17979197622585438 0.6053435114503817 0.1738484398216939 0.6122137404580152 0.1812778603268945 0.6152671755725191 0.17830609212481424 0.6091603053435114 0.13075780089153044 0.6038167938931298 0.11738484398216939 0.601526717557252 0.09806835066864784 0.5923664122137404 0.09361069836552749 0.5885496183206107 0.10104011887072809 0.5885496183206107 0.1277860326894502 0.5946564885496183 0.15453194650817237
0 0.6061068702290077 0.21842496285289748 0.6083969465648855 0.3239227340267459 0.6229007633587786 0.32838038632986627 0.6251908396946565 0.32540861812778604 0.6236641221374045 0.30906389301634474 0.6320610687022901 0.3016344725111441 0.6374045801526718 0.30609212481426445 0.6320610687022901 0.2689450222882615 0.6465648854961832 0.24814264487369983 0.6473282442748092 0.237741456166419 0.6145038167938931 0.1812778603268945 0.6045801526717557 0.17830609212481424 0.5984732824427481 0.1827637444279346 0.5969465648854961 0.19167904903417532 0.6061068702290077 0.21842496285289748
0 0.5503816793893129 0.23328380386329864 0.5587786259541985 0.27488855869242196 0.5687022900763359 0.2838038632986627 0.5740458015267176 0.30460624071322434 0.5854961832061069 0.3179791976225854 0.5885496183206107 0.3313521545319465 0.5961832061068703 0.3328380386329866 0.5984732824427481 0.33878157503714706 0.6053435114503817 0.33729569093610695 0.6053435114503817 0.3313521545319465 0.582442748091603 0.2971768202080238 0.5931297709923664 0.2659732540861813 0.5908396946564886 0.24665676077265972 0.5541984732824428 0.19465081723625557 0.5442748091603054 0.20356612184249628 0.5442748091603054 0.22288261515601782 0.5503816793893129 0.23328380386329864
0 0.5244274809160305 0.28826151560178304 0.5236641221374045 0.30757800891530457 0.517557251908397 0.3135215453194651 0.5328244274809161 0.3343239227340267 0.5374045801526718 0.35958395245170877 0.5412213740458015 0.362555720653789 0.5419847328244275 0.35512630014858837 0.5580152671755725 0.36849925705794945 0.5702290076335877 0.3714710252600297 0.5610687022900763 0.32540861812778604 0.5725190839694656 0.30757800891530457 0.5725190839694656 0.28974739970282315 0.5267175572519084 0.24962852897473997 0.517557251908397 0.25854383358098065 0.5183206106870228 0.27786032689450224 0.5244274809160305 0.28826151560178304
0 0.516793893129771 0.3462109955423477 0.5274809160305344 0.3447251114413076 0.5267175572519084 0.3343239227340267 0.5190839694656488 0.32095096582466565 0.5038167938931297 0.3150074294205052 0.4816793893129771 0.29123328380386326 0.4847328244274809 0.3164933135215453 0.516793893129771 0.3462109955423477
0 0.4816793893129771 0.36849925705794945 0.48244274809160304 0.3803863298662704 0.4908396946564885 0.38632986627043087 0.49236641221374045 0.39821693907875183 0.48854961832061067 0.4101040118870728 0.4916030534351145 0.4279346210995542 0.49770992366412214 0.43387815750371467 0.5 0.4517087667161961 0.4946564885496183 0.4739970282317979 0.48931297709923666 0.47994056463595836 0.5036259541984732 0.48439821693907875 0.5068702290076336 0.5007429420505201 0.5038167938931297 0.5066864784546805 0.5068702290076336 0.5111441307578009 0.5221374045801527 0.5096582466567607 0.5244274809160305 0.5007429420505201 0.5145038167938931 0.44725111441307575 0.5282442748091603 0.40416047548291234 0.5297709923664122 0.3789004457652303 0.5206106870229008 0.3655274888558692 0.5129770992366413 0.3402674591381872 0.4854961832061069 0.2986627043090639 0.47404580152671755 0.300148588410104 0.4770992366412214 0.3655274888558692 0.4816793893129771 0.36849925705794945
0 0.2954198473282443 0.7578008915304606 0.29923664122137406 0.7994056463595839 0.29770992366412213 0.9197622585438335 0.2954198473282443 0.9286775631500742 0.3068702290076336 0.9316493313521544 0.31068702290076333 0.8662704309063892 0.3244274809160305 0.8514115898959881 0.32900763358778623 0.8528974739970282 0.33893129770992364 0.8796433878157504 0.3549618320610687 0.9019316493313521 0.35877862595419846 0.9286775631500742 0.3656488549618321 0.9242199108469539 0.36870229007633587 0.9167904903417533 0.36717557251908395 0.9078751857355126 0.3465648854961832 0.8722139673105498 0.33969465648854963 0.8187221396731055 0.3244274809160305 0.775631500742942 0.3145038167938931 0.7548291233283804 0.3083969465648855 0.75037147102526 0.30229007633587784 0.7265973254086181 0.2961832061068702 0.725111441307578 0.2916030534351145 0.7369985141158989 0.29083969465648857 0.7473997028231798 0.2954198473282443 0.7578008915304606
0 0.4770992366412214 0.1426448736998514 0.4748091603053435 0.16790490341753342 0.4778625954198473 0.1723625557206538 0.4809160305343511 0.17087667161961367 0.4862595419847328 0.12927191679049033 0.49694656488549616 0.09806835066864784 0.4961832061068702 0.0787518573551263 0.5061068702290076 0.04606240713224368 0.5045801526717557 0.0237741456166419 0.4946564885496183 0.02228826151560178 0.48931297709923666 0.040118870728083206 0.4778625954198473 0.05349182763744428 0.4717557251908397 0.06835066864784546 0.47022900763358777 0.08023774145616641 0.4770992366412214 0.1426448736998514
0 0.4816793893129771 0.20208023774145617 0.48778625954198473 0.2050520059435364 0.49923664122137407 0.1961367013372957 0.5045801526717557 0.19910846953937592 0.5122137404580153 0.10698365527488855 0.5091603053435114 0.08766716196136701 0.4984732824427481 0.09212481426448736 0.4946564885496183 0.1099554234769688 0.48854961832061067 0.1188707280832095 0.48396946564885496 0.14710252600297177 0.4862595419847328 0.15453194650817237 0.4816793893129771 0.20208023774145617
0 0.47022900763358777 0.2689450222882615 0.47404580152671755 0.2659732540861813 0.4900763358778626 0.2838038632986627 0.4954198473282443 0.3031203566121842 0.4984732824427481 0.3031203566121842 0.49312977099236643 0.26002971768202077 0.5 0.2451708766716196 0.5 0.237741456166419 0.5099236641221374 0.22288261515601782 0.5083969465648855 0.2050520059435364 0.5015267175572519 0.19910846953937592 0.48931297709923666 0.20802377414561662 0.4717557251908397 0.20802377414561662 0.4618320610687023 0.22436849925705793 0.46412213740458014 0.2615156017830609 0.47022900763358777 0.2689450222882615
0 0.416793893129771 0.2927191679049034 0.42213740458015264 0.31054977711738485 0.42213740458015264 0.3343239227340267 0.43206106870229005 0.3343239227340267 0.4389312977099237 0.3447251114413076 0.44122137404580153 0.3343239227340267 0.4549618320610687 0.3313521545319465 0.46030534351145036 0.33580980683506684 0.4633587786259542 0.3476968796433878 0.4633587786259542 0.36849925705794945 0.47022900763358777 0.3714710252600297 0.4717557251908397 0.362555720653789 0.46412213740458014 0.32095096582466565 0.46564885496183206 0.3031203566121842 0.47099236641221376 0.29420505200594355 0.47099236641221376 0.27191679049034173 0.46030534351145036 0.26448736998514116 0.4213740458015267 0.27488855869242196 0.416793893129771 0.2838038632986627 0.416793893129771 0.2927191679049034
0 0.3931297709923664 0.40118870728083206 0.40458015267175573 0.4101040118870728 0.40458015267175573 0.38930163447251115 0.4083969465648855 0.38484398216939075 0.4114503816793893 0.38930163447251115 0.41908396946564885 0.4517087667161961 0.4282442748091603 0.4294205052005943 0.433587786259542 0.43387815750371467 0.42748091603053434 0.3922734026745914 0.4381679389312977 0.3610698365527489 0.4351145038167939 0.34175334323922735 0.3900763358778626 0.33729569093610695 0.38244274809160306 0.3447251114413076 0.3801526717557252 0.3640416047548291 0.3931297709923664 0.40118870728083206
0 0.3152671755725191 0.23922734026745912 0.31297709923664124 0.2689450222882615 0.32061068702290074 0.300148588410104 0.32061068702290074 0.3239227340267459 0.31755725190839695 0.3328380386329866 0.3198473282442748 0.35958395245170877 0.3236641221374046 0.35215453194650814 0.34045801526717556 0.35512630014858837 0.33587786259541985 0.35066864784546803 0.33435114503816793 0.3298662704309064 0.3381679389312977 0.3016344725111441 0.3366412213740458 0.2838038632986627 0.3480916030534351 0.27934621099554235 0.3419847328244275 0.2555720653789004 0.3412213740458015 0.23922734026745912 0.3511450381679389 0.19167904903417532 0.3465648854961832 0.17979197622585438 0.3381679389312977 0.17830609212481424 0.31297709923664124 0.22734026745913818 0.3152671755725191 0.23922734026745912
0 0.2778625954198473 0.300148588410104 0.26717557251908397 0.34175334323922735 0.27251908396946567 0.3462109955423477 0.27251908396946567 0.362555720653789 0.28549618320610687 0.36701337295690933 0.2877862595419847 0.3610698365527489 0.2816793893129771 0.3491827637444279 0.2877862595419847 0.29420505200594355 0.28549618320610687 0.24962852897473997 0.2900763358778626 0.2362555720653789 0.2961832061068702 0.2303120356612184 0.30305343511450383 0.237741456166419 0.30763358778625954 0.2303120356612184 0.29847328244274807 0.20802377414561662 0.300763358778626 0.1887072808320951 0.2961832061068702 0.1723625557206538 0.28931297709923665 0.17087667161961367 0.28549618320610687 0.17682020802377413 0.282442748091603 0.19465081723625557 0.2770992366412214 0.20208023774145617 0.2717557251908397 0.22288261515601782 0.26564885496183205 0.2689450222882615 0.2778625954198473 0.300148588410104
0 0.3053435114503817 0.1738484398216939 0.30229007633587784 0.18573551263001484 0.30305343511450383 0.20356612184249628 0.31679389312977096 0.20356612184249628 0.3137404580152672 0.1901931649331352 0.32137404580152673 0.16344725111441308 0.31755725190839695 0.1352154531946508 0.3282442748091603 0.08766716196136701 0.32137404580152673 0.052005943536404156 0.3137404580152672 0.05052005943536404 0.3114503816793893 0.0549777117384844 0.3099236641221374 0.0713224368499257 0.30229007633587784 0.0787518573551263 0.2961832061068702 0.11441307578008915 0.2931297709923664 0.1426448736998514 0.3053435114503817 0.1738484398216939
0 0.20534351145038168 0.8588410104011887 0.19389312977099235 0.9108469539375929 0.20458015267175572 0.9153046062407132 0.20687022900763358 0.912332838038633 0.20381679389312976 0.8945022288261515 0.20610687022900764 0.8870728083209509 0.2129770992366412 0.8826151560178306 0.2267175572519084 0.8855869242199108 0.22595419847328244 0.8781575037147102 0.23969465648854962 0.8528974739970282 0.23053435114503817 0.7979197622585438 0.24198473282442748 0.7800891530460624 0.24427480916030533 0.7592867756315007 0.24045801526717556 0.7459138187221397 0.23206106870229007 0.7429420505200593 0.22366412213740458 0.7592867756315007 0.20229007633587787 0.7726597325408617 0.18931297709923664 0.7904903417533432 0.18931297709923664 0.8187221396731055 0.20534351145038168 0.8588410104011887
0 0.3763358778625954 0.47696879643387813 0.3786259541984733 0.450222882615156 0.3847328244274809 0.45319465081723626 0.3900763358778626 0.4665676077265973 0.3969465648854962 0.5052005943536404 0.40381679389312974 0.5066864784546805 0.3938931297709924 0.4517087667161961 0.40458015267175573 0.4353640416047548 0.40458015267175573 0.41456166419019314 0.39923664122137403 0.40713224368499257 0.38625954198473283 0.40416047548291234 0.3748091603053435 0.4101040118870728 0.3694656488549618 0.4234769687964339 0.36793893129770994 0.47696879643387813 0.3763358778625954 0.47696879643387813
0 0.32595419847328244 0.5260029717682021 0.3068702290076336 0.5527488855869241 0.3053435114503817 0.563150074294205 0.31221374045801525 0.575037147102526 0.31679389312977096 0.5735512630014858 0.31679389312977096 0.5542347696879643 0.3366412213740458 0.5304606240713224 0.3412213740458015 0.5408618127786032 0.3381679389312977 0.5705794947994056 0.35038167938931297 0.5735512630014858 0.3519083969465649 0.5676077265973254 0.34885496183206105 0.5616641901931649 0.36793893129770994 0.46359583952451705 0.3717557251908397 0.4561664190193165 0.3709923664122137 0.44576523031203563 0.3748091603053435 0.43833580980683506 0.3580152671755725 0.41753343239227336 0.3519083969465649 0.41604754829123325 0.33435114503816793 0.44576523031203563 0.31679389312977096 0.4918276374442793 0.3244274809160305 0.4977711738484398 0.32595419847328244 0.5260029717682021