0 0.9689298043728424 0.26005361930294907 0.9591484464902187 0.3378016085790885 0.9516685845799769 0.353887399463807 0.952819332566168 0.3579088471849866 0.9597238204833142 0.35656836461126007 0.9700805523590333 0.30831099195710454 0.976409666283084 0.3042895442359249 0.9838895281933256 0.34718498659517427 0.9792865362485615 0.3672922252010724 0.9861910241657077 0.3699731903485255 0.9907940161104718 0.36193029490616624 0.9907940161104718 0.353887399463807 0.9833141542002302 0.30294906166219837 0.9896432681242808 0.23726541554959785 0.9827387802071347 0.19973190348525469 0.9787111622554661 0.19436997319034852 0.9752589182968929 0.17024128686327078 0.9672036823935558 0.16890080428954424 0.9626006904487917 0.1836461126005362 0.9683544303797469 0.22922252010723862 0.9689298043728424 0.26005361930294907
0 0.6231300345224395 0.47319034852546915 0.6283084004602992 0.47989276139410186 0.6306098964326813 0.5013404825737265 0.6340621403912543 0.5093833780160858 0.6352128883774454 0.5294906166219839 0.6329113924050633 0.5415549597855228 0.6363636363636364 0.5455764075067024 0.6334867663981588 0.5817694369973191 0.6380897583429229 0.631367292225201 0.6300345224395857 0.6394101876675603 0.6294591484464902 0.6501340482573726 0.6334867663981588 0.6554959785522788 0.6421173762945915 0.6528150134048257 0.6467203682393556 0.6474530831099196 0.6449942462600691 0.6246648793565683 0.6472957422324511 0.5804289544235925 0.6576524741081703 0.5335120643431636 0.6507479861910241 0.4906166219839142 0.6363636363636364 0.4450402144772118 0.6317606444188723 0.4383378016085791 0.6265822784810127 0.4383378016085791 0.622554660529344 0.4450402144772118 0.620253164556962 0.45844504021447724 0.6231300345224395 0.47319034852546915
0 0.5489067894131185 0.4959785522788204 0.5431530494821634 0.5201072386058981 0.5454545454545454 0.5428954423592494 0.5477560414269275 0.5442359249329759 0.5500575373993095 0.5576407506702413 0.5466052934407365 0.5630026809651475 0.5552359033371692 0.5911528150134049 0.5535097813578826 0.5965147453083111 0.5661680092059839 0.5951742627345845 0.5684695051783659 0.5911528150134049 0.5678941311852704 0.5817694369973191 0.5586881472957422 0.5428954423592494 0.571921749136939 0.5201072386058981 0.5753739930955121 0.5080428954423593 0.5753739930955121 0.4973190348525469 0.571921749136939 0.48525469168900803 0.549482163406214 0.4477211796246649 0.5448791714614499 0.43297587131367293 0.5397008055235903 0.43029490616621985 0.5345224395857308 0.4383378016085791 0.5333716915995397 0.45844504021447724 0.5489067894131185 0.4959785522788204
0 0.5598388952819332 0.3257372654155496 0.5604142692750288 0.33646112600536193 0.5655926352128884 0.3485254691689008 0.5667433831990794 0.4705093833780161 0.5701956271576525 0.4745308310991957 0.5799769850402762 0.4705093833780161 0.5794016110471807 0.4450402144772118 0.5822784810126582 0.43029490616621985 0.5788262370540852 0.41152815013404825 0.5880322209436134 0.3873994638069705 0.5886075949367089 0.35924932975871315 0.5742232451093211 0.3109919571045576 0.5655926352128884 0.29088471849865954 0.5586881472957422 0.2868632707774799 0.5529344073647872 0.29758713136729226 0.5535097813578826 0.31233243967828417 0.5598388952819332 0.3257372654155496
0 0.5569620253164557 0.24396782841823056 0.5517836593785961 0.26541554959785524 0.5581127733026467 0.2855227882037534 0.567318757192175 0.29490616621983917 0.5753739930955121 0.2707774798927614 0.5759493670886076 0.24932975871313673 0.5650172612197929 0.19436997319034852 0.5604142692750288 0.1836461126005362 0.5586881472957422 0.1675603217158177 0.5512082853855006 0.16353887399463807 0.5466052934407365 0.17158176943699732 0.5454545454545454 0.18498659517426275 0.5569620253164557 0.24396782841823056
0 0.403337169159954 0.20107238605898123 0.4004602991944764 0.225201072386059 0.40103567318757194 0.2453083109919571 0.40678941311852707 0.2707774798927614 0.40678941311852707 0.28150134048257375 0.403337169159954 0.29088471849865954 0.41254315304948214 0.2922252010723861 0.41829689298043726 0.2680965147453083 0.41369390103567316 0.2453083109919571 0.4154200230149597 0.22922252010723862 0.42289988492520136 0.21849865951742628 0.42462600690448793 0.19839142091152814 0.4050632911392405 0.16085790884718498 0.3993095512082854 0.14343163538873996 0.39298043728423476 0.14209115281501342 0.39010356731875717 0.14745308310991959 0.3906789413118527 0.17158176943699732 0.403337169159954 0.20107238605898123
0 0.3860759493670886 0.3297587131367292 0.38837744533947066 0.353887399463807 0.39355581127733025 0.36595174262734587 0.4159953970080552 0.3605898123324397 0.4223245109321059 0.3418230563002681 0.4234752589182969 0.3230563002680965 0.41829689298043726 0.306970509383378 0.404487917146145 0.30563002680965146 0.3906789413118527 0.29758713136729226 0.38722669735327964 0.29088471849865954 0.38262370540851554 0.2922252010723861 0.378596087456847 0.30294906166219837 0.379746835443038 0.32171581769436997 0.3860759493670886 0.3297587131367292
0 0.38262370540851554 0.3941018766756032 0.38550057537399307 0.4128686327077748 0.3814729574223245 0.4450402144772118 0.3866513233601841 0.44235924932975873 0.3912543153049482 0.4195710455764075 0.3970080552359033 0.41152815013404825 0.3993095512082854 0.4128686327077748 0.4039125431530495 0.43297587131367293 0.4039125431530495 0.44235924932975873 0.4085155350978136 0.44235924932975873 0.4159953970080552 0.435656836461126 0.4205983889528193 0.4155495978552279 0.4286536248561565 0.40482573726541554 0.42289988492520136 0.3726541554959786 0.41714614499424624 0.3646112600536193 0.40563866513233604 0.3632707774798928 0.3912543153049482 0.3699731903485255 0.38550057537399307 0.35656836461126007 0.3762945914844649 0.35924932975871315 0.3751438434982739 0.37801608579088475 0.38262370540851554 0.3941018766756032
0 0.39182968929804374 0.4973190348525469 0.3866513233601841 0.5495978552278821 0.38262370540851554 0.5670241286863271 0.38722669735327964 0.5670241286863271 0.3958573072497123 0.5442359249329759 0.4326812428078251 0.5630026809651475 0.43498273878020716 0.5683646112600537 0.44591484464902187 0.5549597855227882 0.44591484464902187 0.5455764075067024 0.42635212888377444 0.5187667560321716 0.4252013808975834 0.5120643431635389 0.42922899884925203 0.4691689008042896 0.43383199079401613 0.45576407506702415 0.43383199079401613 0.450402144772118 0.42692750287687 0.43967828418230565 0.41829689298043726 0.435656836461126 0.4079401611047181 0.44638069705093836 0.3941311852704258 0.4517426273458445 0.383199079401611 0.44638069705093836 0.37744533947065595 0.4611260053619303 0.378596087456847 0.4772117962466488 0.39182968929804374 0.4973190348525469
0 0.3906789413118527 0.579088471849866 0.39182968929804374 0.5978552278820376 0.4016110471806674 0.6112600536193029 0.3987341772151899 0.646112600536193 0.41254315304948214 0.6769436997319035 0.4079401611047181 0.693029490616622 0.4159953970080552 0.6957104557640751 0.4223245109321059 0.6916890080428955 0.4240506329113924 0.6863270777479893 0.4223245109321059 0.6769436997319035 0.42692750287687 0.6689008042895442 0.4332566168009206 0.6675603217158177 0.43210586881472957 0.6581769436997319 0.42635212888377444 0.6541554959785523 0.4344073647871116 0.6233243967828418 0.43095512082853854 0.5978552278820376 0.42174913693901034 0.5844504021447722 0.403337169159954 0.5764075067024129 0.3941311852704258 0.5589812332439679 0.39010356731875717 0.5603217158176944 0.3866513233601841 0.5737265415549598 0.3906789413118527 0.579088471849866
0 0.44131185270425777 0.7305630026809652 0.4407364787111623 0.7439678284182306 0.4482163406214039 0.7868632707774799 0.44649021864211735 0.7962466487935657 0.44188722669735325 0.8002680965147453 0.44649021864211735 0.8029490616621984 0.4436133486766398 0.8190348525469169 0.44936708860759494 0.82171581769437 0.45512082853855007 0.8096514745308311 0.45569620253164556 0.7533512064343164 0.45397008055235905 0.7426273458445041 0.45972382048331417 0.6849865951742627 0.45454545454545453 0.6300268096514745 0.4476409666283084 0.5884718498659518 0.43843498273878023 0.5817694369973191 0.4332566168009206 0.5911528150134049 0.4378596087456847 0.7238605898123325 0.44131185270425777 0.7305630026809652
0 0.3084004602991945 0.6997319034852547 0.310126582278481 0.7144772117962467 0.3066743383199079 0.7386058981233244 0.2882623705408516 0.7949061662198391 0.2957422324510932 0.8109919571045576 0.3009205983889528 0.8083109919571045 0.3002013808975834 0.7818364611260054 0.3204833141542002 0.7305630026809652 0.3302646720368239 0.7426273458445041 0.33429228998849253 0.7774798927613941 0.33429228998849253 0.7975871313672922 0.3486766398158803 0.8002680965147453 0.34349827387802073 0.7908847184986595 0.334867663981588 0.6689008042895442 0.3383199079401611 0.6327077747989276 0.3429228998849252 0.6193029490616622 0.3411967779056387 0.6018766756032171 0.334867663981588 0.5951742627345845 0.33141542002301494 0.5991957104557641 0.3181818181818182 0.646112600536193 0.3147295742232451 0.6742627345844504 0.3084004602991945 0.6997319034852547
0 0.11219792865362485 0.5134048257372654 0.12428078250863062 0.546916890080429 0.12197928653624857 0.6018766756032171 0.13693901035673187 0.6005361930294906 0.13751438434982738 0.5951742627345845 0.13463751438434982 0.5924932975871314 0.1380897583429229 0.5737265415549598 0.13176064441887228 0.564343163538874 0.13060989643268126 0.5482573726541555 0.13291139240506328 0.5294906166219839 0.13176064441887228 0.5107238605898123 0.13578826237054084 0.48525469168900803 0.14154200230149597 0.47989276139410186 0.1518987341772152 0.45576407506702415 0.15304948216340622 0.4262734584450402 0.15074798619102417 0.42091152815013405 0.14039125431530494 0.4222520107238606 0.13521288837744533 0.4436997319034853 0.11219792865362485 0.47989276139410186 0.1093210586881473 0.5013404825737265 0.1093210586881473 0.5120643431635389 0.11219792865362485 0.5134048257372654
0 0.142692750287687 0.5241286863270778 0.15074798619102417 0.5281501340482574 0.15074798619102417 0.5120643431635389 0.1472957422324511 0.5067024128686327 0.15074798619102417 0.4638069705093834 0.1432681242807825 0.4772117962466488 0.14096662830840045 0.4959785522788204 0.14039125431530494 0.514745308310992 0.142692750287687 0.5241286863270778
0 0.1518987341772152 0.4222520107238606 0.15420023014959724 0.4343163538873995 0.15765247410817032 0.4343163538873995 0.15822784810126583 0.4128686327077748 0.15535097813578827 0.3900804289544236 0.15880322209436135 0.3203753351206434 0.1565017261219793 0.3096514745308311 0.1478711162255466 0.30831099195710454 0.13981588032220943 0.3485254691689008 0.13924050632911392 0.4195710455764075 0.1518987341772152 0.4222520107238606
0 0.310126582278481 0.2453083109919571 0.3141542002301496 0.23056300268096516 0.3187571921749137 0.22788203753351208 0.3256616800920598 0.257372654155496 0.3291139240506329 0.28820375335120646 0.32796317606444186 0.2962466487935657 0.3394706559263521 0.3002680965147453 0.3245109321058688 0.1863270777479893 0.32681242807825084 0.16085790884718498 0.33141542002301494 0.14209115281501342 0.3285385500575374 0.12064343163538874 0.3204833141542002 0.12332439678284182 0.310126582278481 0.16353887399463807 0.310126582278481 0.18766756032171583 0.3049482163406214 0.21179624664879357 0.3043728423475259 0.23994638069705093 0.310126582278481 0.2453083109919571
0 0.2761795166858458 0.36193029490616624 0.2790563866513234 0.3512064343163539 0.2773302646720368 0.3418230563002681 0.2721518987341772 0.33378016085790885 0.2721518987341772 0.35924932975871315 0.2761795166858458 0.36193029490616624
0 0.2681242807825086 0.30831099195710454 0.2882623705408516 0.2667560321715818 0.29344073647871116 0.26541554959785524 0.3020713463751438 0.23726541554959785 0.30149597238204834 0.23056300268096516 0.29228998849252014 0.225201072386059 0.261795166858458 0.27479892761394104 0.26064441887226697 0.2828418230563003 0.26237054085155354 0.30563002680965146 0.2681242807825086 0.30831099195710454
0 0.27042577675489066 0.3203753351206434 0.2727272727272727 0.3297587131367292 0.2790563866513234 0.34048257372654156 0.2848101265822785 0.36193029490616624 0.2894131185270426 0.36193029490616624 0.29689298043728424 0.30294906166219837 0.3095512082853855 0.27211796246648795 0.310126582278481 0.2520107238605898 0.30724971231300346 0.2453083109919571 0.3003452243958573 0.2453083109919571 0.2940161104718067 0.26273458445040215 0.2819332566168009 0.27882037533512066 0.2721518987341772 0.3002680965147453 0.27330264672036825 0.30563002680965146 0.27042577675489066 0.3203753351206434
0 0.29804372842347526 0.39946380697050937 0.29516685845799767 0.41420911528150134 0.29689298043728424 0.4168900804289544 0.30264672036823936 0.41152815013404825 0.2997698504027618 0.39544235924932974 0.29344073647871116 0.3967828418230563 0.29804372842347526 0.39946380697050937
0 0.29171461449942465 0.3766756032171582 0.2997698504027618 0.3914209115281501 0.30609896432681244 0.37801608579088475 0.32623705408515535 0.3646112600536193 0.3285385500575374 0.35254691689008044 0.334867663981588 0.34718498659517427 0.33601841196777904 0.3297587131367292 0.33429228998849253 0.3203753351206434 0.32681242807825084 0.3163538873994638 0.3204833141542002 0.3297587131367292 0.2945914844649022 0.3445040214477212 0.2911392405063291 0.35254691689008044 0.29171461449942465 0.3766756032171582
0 0.3176064441887227 0.435656836461126 0.3245109321058688 0.4155495978552279 0.334867663981588 0.41420911528150134 0.33889528193325663 0.4061662198391421 0.34349827387802073 0.3914209115281501 0.34349827387802073 0.3820375335120644 0.3411967779056387 0.3766756032171582 0.34177215189873417 0.36863270777479895 0.32796317606444186 0.3672922252010724 0.30724971231300346 0.3766756032171582 0.30149597238204834 0.3900804289544236 0.30149597238204834 0.39946380697050937 0.3176064441887227 0.435656836461126