0 0.9491525423728813 0.49462365591397855 0.9520748100526008 0.5013440860215054 0.9649327878433664 0.674731182795699 0.966686148451198 0.6787634408602151 0.9754529514903565 0.6774193548387097 0.9807130333138515 0.6881720430107527 0.978375219170076 0.6935483870967742 0.9807130333138515 0.6989247311827957 0.9929865575686733 0.6975806451612904 0.9959088252483926 0.6948924731182796 0.9959088252483926 0.6895161290322581 0.9877264757451782 0.6182795698924731 0.9859731151373465 0.5241935483870969 0.9795441262419637 0.48655913978494625 0.972530683810637 0.4838709677419355 0.967270601987142 0.5026881720430108 0.9491525423728813 0.49462365591397855
0 0.9088252483927527 0.4005376344086022 0.8994739918176504 0.4274193548387097 0.8994739918176504 0.43279569892473124 0.9070718877849211 0.44758064516129037 0.9088252483927527 0.48924731182795705 0.9053185271770894 0.5013440860215054 0.9076563413208649 0.5067204301075269 0.9135008766803039 0.5067204301075269 0.918176504967855 0.5201612903225807 0.9228521332554062 0.5215053763440861 0.9251899473991817 0.5188172043010754 0.9269433080070134 0.35618279569892475 0.9187609585037989 0.32258064516129037 0.9099941554646405 0.32258064516129037 0.9059029807130332 0.33467741935483875 0.9082407948568089 0.353494623655914 0.9088252483927527 0.4005376344086022
0 0.8579777907656341 0.08736559139784947 0.8632378725891291 0.10483870967741936 0.8620689655172413 0.12231182795698926 0.8591466978375218 0.13037634408602153 0.8597311513734658 0.1706989247311828 0.852717708942139 0.18817204301075272 0.8609000584453536 0.19086021505376347 0.8655756867329046 0.18548387096774194 0.8755113968439509 0.19892473118279572 0.8866160140268848 0.19623655913978497 0.8866160140268848 0.18682795698924734 0.8778492109877264 0.14650537634408603 0.8813559322033898 0.11559139784946237 0.8796025715955581 0.09946236559139786 0.8603156049094096 0.043010752688172046 0.8556399766218585 0.040322580645161296 0.8503798947983635 0.04973118279569893 0.8521332554061951 0.08333333333333334 0.8579777907656341 0.08736559139784947
0 0.7440093512565751 0.28225806451612906 0.7381648158971361 0.3064516129032258 0.7428404441846873 0.31048387096774194 0.7405026300409117 0.3373655913978495 0.7445938047925189 0.3588709677419355 0.7451782583284629 0.3776881720430108 0.7393337229690239 0.39112903225806456 0.7510227936879018 0.3938172043010753 0.7574517825832846 0.38575268817204306 0.7603740502630041 0.3736559139784947 0.7521917007597896 0.353494623655914 0.7504383401519579 0.3373655913978495 0.7627118644067796 0.3131720430107527 0.7627118644067796 0.3010752688172043 0.7469316189362946 0.2231182795698925 0.7410870835768556 0.21639784946236562 0.7340736411455289 0.22715053763440862 0.7352425482174166 0.2513440860215054 0.7440093512565751 0.28225806451612906
0 0.7095265926358854 0.49462365591397855 0.7136177673874926 0.5362903225806452 0.706604324956166 0.5551075268817205 0.706604324956166 0.5846774193548387 0.7177089421390999 0.6196236559139785 0.7200467562828755 0.64247311827957 0.7305669199298656 0.6465053763440861 0.7329047340736411 0.6263440860215054 0.7247223845704266 0.5766129032258065 0.7340736411455289 0.5591397849462366 0.7329047340736411 0.5309139784946237 0.7364114552893044 0.5094086021505376 0.72822910578609 0.48118279569892475 0.7194623027469316 0.4623655913978495 0.7130333138515488 0.45833333333333337 0.7071887784921098 0.4663978494623656 0.706019871420222 0.48118279569892475 0.7095265926358854 0.49462365591397855
0 0.5838690824079485 0.6129032258064516 0.5827001753360608 0.7580645161290324 0.5844535359438924 0.7620967741935485 0.5949736995908825 0.7620967741935485 0.5973115137346581 0.756720430107527 0.5961426066627703 0.7419354838709677 0.6049094097019286 0.7338709677419355 0.6084161309175921 0.739247311827957 0.6160140268848626 0.7338709677419355 0.6084161309175921 0.6935483870967742 0.6084161309175921 0.6827956989247312 0.6171829339567504 0.663978494623656 0.6165984804208066 0.6572580645161291 0.6019871420222092 0.6008064516129032 0.5961426066627703 0.592741935483871 0.5914669783752191 0.5766129032258065 0.5832846288720046 0.5725806451612904 0.5786090005844535 0.5793010752688172 0.5768556399766218 0.6008064516129032 0.5838690824079485 0.6129032258064516
0 0.6218585622443016 0.20295698924731184 0.6288720046756282 0.23118279569892475 0.6265341905318527 0.2459677419354839 0.6312098188194039 0.28360215053763443 0.6241963763880771 0.31048387096774194 0.6265341905318527 0.31451612903225806 0.6341320864991232 0.3131720430107527 0.6399766218585622 0.29838709677419356 0.6388077147866744 0.2594086021505377 0.6440677966101694 0.24059139784946237 0.6481589713617767 0.239247311827957 0.6487434248977206 0.2231182795698925 0.6358854471069549 0.19220430107526884 0.6271186440677966 0.1814516129032258 0.6236119228521332 0.16801075268817206 0.6195207481005259 0.16666666666666669 0.6154295733489187 0.17338709677419356 0.6148451198129748 0.18682795698924734 0.6218585622443016 0.20295698924731184
0 0.5710111046171829 0.3938172043010753 0.5715955581531268 0.40322580645161293 0.5821157218001168 0.4059139784946237 0.581531268264173 0.41397849462365593 0.5850379894798363 0.41397849462365593 0.5897136177673875 0.3844086021505377 0.5984804208065458 0.3951612903225807 0.6165984804208066 0.38575268817204306 0.6195207481005259 0.3897849462365592 0.6212741087083576 0.40322580645161293 0.6271186440677966 0.3991935483870968 0.6282875511396844 0.3790322580645162 0.6125073056691993 0.3682795698924731 0.6165984804208066 0.3521505376344086 0.6160140268848626 0.32795698924731187 0.6125073056691993 0.31720430107526887 0.6043249561659848 0.3131720430107527 0.5943892460549386 0.321236559139785 0.5768556399766218 0.31048387096774194 0.5727644652250146 0.32258064516129037 0.5791934541203974 0.3548387096774194 0.5710111046171829 0.3938172043010753
0 0.538281706604325 0.5013440860215054 0.5400350672121565 0.5161290322580645 0.5645821157218001 0.5309139784946237 0.5715955581531268 0.5645161290322581 0.5710111046171829 0.571236559139785 0.5797779076563413 0.5645161290322581 0.5902980713033313 0.5645161290322581 0.5914669783752191 0.560483870967742 0.5891291642314436 0.5537634408602151 0.5791934541203974 0.549731182795699 0.5768556399766218 0.5430107526881721 0.581531268264173 0.5080645161290323 0.581531268264173 0.4932795698924732 0.5780245470485096 0.4798387096774194 0.554646405610754 0.4663978494623656 0.548217416715371 0.47043010752688175 0.537697253068381 0.4663978494623656 0.5336060783167738 0.47446236559139787 0.532437171244886 0.48655913978494625 0.538281706604325 0.5013440860215054
0 0.5260081823495032 0.5483870967741936 0.5464640561075395 0.6330645161290324 0.548801870251315 0.6370967741935485 0.5604909409701928 0.6344086021505377 0.5604909409701928 0.6196236559139785 0.5727644652250146 0.5981182795698925 0.5727644652250146 0.592741935483871 0.5663354763296318 0.581989247311828 0.5715955581531268 0.5631720430107527 0.5692577440093513 0.5416666666666667 0.5534774985388661 0.5215053763440861 0.5452951490356517 0.5215053763440861 0.5295149035651665 0.510752688172043 0.5260081823495032 0.510752688172043 0.521332554061952 0.5201612903225807 0.5219170075978959 0.5416666666666667 0.5260081823495032 0.5483870967741936
0 0.5043834015195792 0.625 0.5037989479836352 0.6465053763440861 0.49620105201636466 0.6908602150537635 0.5014611338398597 0.6922043010752689 0.5102279368790181 0.6330645161290324 0.5195791934541204 0.6344086021505377 0.521332554061952 0.6572580645161291 0.5283459964932787 0.674731182795699 0.5359438924605493 0.6774193548387097 0.5412039742840444 0.6720430107526882 0.5441262419637638 0.6814516129032259 0.542957334891876 0.6881720430107527 0.5464640561075395 0.685483870967742 0.5499707773232028 0.6599462365591399 0.5417884278199883 0.6572580645161291 0.5318527177089422 0.6451612903225807 0.538281706604325 0.5994623655913979 0.5353594389246055 0.5833333333333334 0.49970777323202803 0.5698924731182796 0.4915254237288135 0.5739247311827957 0.49094097019286964 0.5887096774193549 0.5043834015195792 0.625
0 0.5207481005260082 0.14650537634408603 0.5189947399181765 0.13037634408602153 0.5312682641729982 0.10483870967741936 0.5318527177089422 0.09811827956989248 0.5353594389246055 0.09543010752688173 0.542957334891876 0.10215053763440861 0.542957334891876 0.14112903225806453 0.5493863237872589 0.13037634408602153 0.5505552308591467 0.0913978494623656 0.548217416715371 0.07258064516129033 0.5499707773232028 0.048387096774193554 0.5558153126826417 0.0228494623655914 0.5534774985388661 0.006720430107526883 0.5476329631794272 0.008064516129032258 0.5452951490356517 0.020161290322580648 0.5388661601402688 0.03225806451612903 0.521332554061952 0.1088709677419355 0.5119812974868497 0.13037634408602153 0.5113968439509059 0.1424731182795699 0.5207481005260082 0.14650537634408603
0 0.526592635885447 0.2338709677419355 0.5143191116306254 0.27150537634408606 0.5113968439509059 0.28897849462365593 0.5149035651665692 0.29301075268817206 0.5219170075978959 0.29301075268817206 0.5219170075978959 0.28897849462365593 0.5441262419637638 0.2916666666666667 0.5458796025715955 0.29973118279569894 0.5528930450029222 0.29973118279569894 0.55406195207481 0.2956989247311828 0.5499707773232028 0.27822580645161293 0.5505552308591467 0.22715053763440862 0.5476329631794272 0.2056451612903226 0.5511396843950905 0.1760752688172043 0.5587375803623612 0.15053763440860216 0.5575686732904733 0.13575268817204303 0.5534774985388661 0.13037634408602153 0.5464640561075395 0.13978494623655915 0.5359438924605493 0.16801075268817206 0.5289304500292227 0.2002688172043011 0.5312682641729982 0.22715053763440862 0.526592635885447 0.2338709677419355
0 0.47106954997077727 0.364247311827957 0.4687317358270017 0.3467741935483871 0.4856808883693746 0.30510752688172044 0.494447691408533 0.31720430107526887 0.49736995908825243 0.32930107526881724 0.5037989479836352 0.3306451612903226 0.5002922267679719 0.2849462365591398 0.5014611338398597 0.2688172043010753 0.510812390414962 0.23118279569892475 0.5113968439509059 0.22177419354838712 0.5084745762711864 0.21370967741935484 0.5014611338398597 0.21236559139784947 0.4874342489772063 0.24731182795698928 0.47925189947399177 0.27688172043010756 0.4786674459380479 0.29301075268817206 0.47340736411455286 0.31854838709677424 0.4628872004675628 0.34946236559139787 0.4628872004675628 0.3588709677419355 0.47106954997077727 0.364247311827957
0 0.46814728229105784 0.4153225806451613 0.47399181765049675 0.41801075268817206 0.483343074225599 0.4112903225806452 0.4921098772647574 0.39650537634408606 0.49912331969608414 0.3629032258064516 0.5043834015195792 0.3588709677419355 0.5032144944476914 0.3360215053763441 0.49912331969608414 0.331989247311828 0.49094097019286964 0.33467741935483875 0.46639392168322613 0.3844086021505377 0.46522501461133836 0.40188172043010756 0.46814728229105784 0.4153225806451613
0 0.47691408533021623 0.46908602150537637 0.494447691408533 0.4448924731182796 0.5002922267679719 0.4206989247311828 0.5073056691992986 0.4059139784946237 0.5073056691992986 0.3951612903225807 0.5049678550555231 0.38575268817204306 0.4979544126241963 0.3844086021505377 0.472822910578609 0.41935483870967744 0.4699006428988895 0.41801075268817206 0.4634716540035067 0.4341397849462366 0.4628872004675628 0.446236559139785 0.47691408533021623 0.46908602150537637
0 0.4845119812974868 0.5201612903225807 0.48217416715371125 0.5416666666666667 0.478082992402104 0.549731182795699 0.47925189947399177 0.5564516129032259 0.49094097019286964 0.5631720430107527 0.5178258328462887 0.5349462365591399 0.5125657510227937 0.5241935483870969 0.5067212156633547 0.4838709677419355 0.5096434833430742 0.45967741935483875 0.5172413793103448 0.44892473118279574 0.5131502045587375 0.4301075268817205 0.5043834015195792 0.4301075268817205 0.49853886616014026 0.44354838709677424 0.47574517825832846 0.46908602150537637 0.472822910578609 0.4771505376344086 0.47340736411455286 0.4919354838709678 0.4845119812974868 0.5201612903225807
0 0.41379310344827586 0.5672043010752689 0.42606662770309756 0.5658602150537635 0.4295733489187609 0.5577956989247312 0.44243132670952656 0.5537634408602151 0.4465225014611338 0.51747311827957 0.4389246054938632 0.4973118279569893 0.43424897720631206 0.49596774193548393 0.4149620105201636 0.5201612903225807 0.4108708357685564 0.5322580645161291 0.4102863822326125 0.5524193548387097 0.41379310344827586 0.5672043010752689
0 0.43600233781414377 0.592741935483871 0.43658679135008766 0.6088709677419355 0.4412624196376388 0.6115591397849462 0.4418468731735827 0.5981182795698925 0.43717124488603154 0.5846774193548387 0.4319111630625365 0.5873655913978495 0.43600233781414377 0.592741935483871
0 0.44827586206896547 0.5201612903225807 0.4500292226767972 0.5403225806451614 0.45645821157218 0.5416666666666667 0.4605493863237872 0.5362903225806452 0.4634716540035067 0.5430107526881721 0.46697837521917007 0.5416666666666667 0.4605493863237872 0.5094086021505376 0.4646405610753945 0.4825268817204301 0.4704850964348334 0.4731182795698925 0.4699006428988895 0.45967741935483875 0.46230274693161894 0.4556451612903226 0.43541788427819983 0.4879032258064517 0.4330800701344243 0.49596774193548393 0.44827586206896547 0.5201612903225807
0 0.402104032729398 0.6344086021505377 0.402104032729398 0.6518817204301076 0.39509059029807125 0.6680107526881721 0.3939216832261835 0.6827956989247312 0.40561075394506135 0.685483870967742 0.4067796610169491 0.663978494623656 0.41437755698421974 0.6518817204301076 0.42080654587960253 0.6491935483870969 0.42606662770309756 0.6787634408602151 0.4319111630625365 0.6841397849462366 0.4324956165984804 0.6760752688172044 0.4272355347749854 0.6572580645161291 0.42898889538281704 0.631720430107527 0.4266510812390415 0.6182795698924731 0.43541788427819983 0.5833333333333334 0.4389246054938632 0.5793010752688172 0.4389246054938632 0.5631720430107527 0.43541788427819983 0.5564516129032259 0.4295733489187609 0.5564516129032259 0.42781998831092927 0.5631720430107527 0.4108708357685564 0.571236559139785 0.3962594973699591 0.5900537634408602 0.3939216832261835 0.6088709677419355 0.402104032729398 0.6344086021505377
0 0.29281122150789013 0.5067204301075269 0.29748684979544127 0.5040322580645161 0.3027469316189363 0.46908602150537637 0.31034482758620685 0.4663978494623656 0.3161893629456458 0.5040322580645161 0.3161893629456458 0.5268817204301076 0.32963179427235534 0.5295698924731184 0.3220338983050847 0.5134408602150538 0.3161893629456458 0.4516129032258065 0.3237872589129164 0.43145161290322587 0.3419053185271771 0.41801075268817206 0.3419053185271771 0.40725806451612906 0.33255406195207476 0.41263440860215056 0.3255406195207481 0.4005376344086022 0.3319696084161309 0.37231182795698925 0.32904734073641145 0.3548387096774194 0.32144944476914084 0.353494623655914 0.29631794272355344 0.41801075268817206 0.29748684979544127 0.4408602150537635 0.29281122150789013 0.5067204301075269
0 0.2781998831092928 0.5362903225806452 0.27586206896551724 0.5631720430107527 0.27352425482174164 0.5672043010752689 0.277030976037405 0.5725806451612904 0.27586206896551724 0.592741935483871 0.27878433664523666 0.5981182795698925 0.2863822326125073 0.5981182795698925 0.29631794272355344 0.5295698924731184 0.2939801285797779 0.5295698924731184 0.2887200467562829 0.478494623655914 0.2910578609000584 0.4556451612903226 0.29514903565166567 0.446236559139785 0.293395675043834 0.42473118279569894 0.2846288720046756 0.4206989247311828 0.28112215078901226 0.4274193548387097 0.2805376972530684 0.4395161290322581 0.2741087083576855 0.4623655913978495 0.27293980128579776 0.48924731182795705 0.2706019871420222 0.4973118279569893 0.2706019871420222 0.5120967741935484 0.2781998831092928 0.5362903225806452