0 0.685086155674391 0.4249329758713137 0.6886512180629828 0.4289544235924933 0.6856803327391563 0.4383378016085791 0.6898395721925135 0.4865951742627346 0.6892453951277481 0.5093833780160858 0.6874628639334522 0.5335120643431636 0.6838978015448605 0.5402144772117963 0.6957813428401665 0.5415549597855228 0.6975638740344623 0.5388739946380697 0.7011289364230541 0.46514745308310995 0.7070707070707071 0.44235924932975873 0.7082590612002377 0.4262734584450402 0.6898395721925135 0.34986595174262736 0.6862745098039216 0.34316353887399464 0.680926916221034 0.34316353887399464 0.6755793226381462 0.35254691689008044 0.6767676767676768 0.3766756032171582 0.685086155674391 0.4249329758713137
0 0.6785502079619727 0.3109919571045576 0.6934046345811052 0.3579088471849866 0.6957813428401665 0.37801608579088475 0.7011289364230541 0.3900804289544236 0.7017231134878195 0.39946380697050937 0.7064765300059418 0.40884718498659517 0.7094474153297683 0.4262734584450402 0.7082590612002377 0.44235924932975873 0.7177658942364825 0.44235924932975873 0.7064765300059418 0.3820375335120644 0.7052881758764112 0.32439678284182305 0.69281045751634 0.2801608579088472 0.6856803327391563 0.2707774798927614 0.6821152703505645 0.24932975871313673 0.6761734997029115 0.2479892761394102 0.6714200831847891 0.257372654155496 0.6708259061200238 0.27211796246648795 0.6785502079619727 0.3109919571045576
0 0.5775401069518717 0.2386058981233244 0.5775401069518717 0.2640750670241287 0.5882352941176471 0.306970509383378 0.5805109922756982 0.32439678284182305 0.595959595959596 0.32439678284182305 0.5965537730243613 0.2962466487935657 0.5935828877005348 0.2774798927613941 0.6060606060606061 0.25335120643431636 0.6072489601901367 0.2345844504021448 0.6030897207367796 0.2225201072386059 0.578134284016637 0.19839142091152814 0.5739750445632799 0.18498659517426275 0.566250742721331 0.18498659517426275 0.5626856803327392 0.19436997319034852 0.5638740344622698 0.21179624664879357 0.5775401069518717 0.2386058981233244
0 0.554367201426025 0.1742627345844504 0.5519904931669638 0.18096514745308312 0.5609031491384433 0.18096514745308312 0.5620915032679739 0.15013404825737264 0.5733808674985146 0.13941018766756033 0.5906120023767083 0.16621983914209115 0.5906120023767083 0.18096514745308312 0.5947712418300654 0.17962466487935658 0.5983363042186572 0.17024128686327078 0.58407605466429 0.14075067024128687 0.5805109922756982 0.11528150134048258 0.5805109922756982 0.09517426273458446 0.5650623885918004 0.022788203753351208 0.5567439096850861 0.020107238605898123 0.5531788472964944 0.0388739946380697 0.5567439096850861 0.06970509383378017 0.554367201426025 0.1742627345844504
0 0.506833036244801 0.2520107238605898 0.5032679738562091 0.257372654155496 0.5115864527629234 0.2587131367292225 0.5139631610219846 0.2546916890080429 0.5169340463458111 0.20911528150134048 0.5270350564468211 0.19168900804289546 0.5311942959001783 0.1970509383378016 0.5335710041592395 0.2131367292225201 0.5436720142602496 0.2345844504021448 0.5502079619726679 0.2386058981233244 0.5294117647058824 0.128686327077748 0.5204991087344029 0.10053619302949061 0.5193107546048723 0.08445040214477212 0.5115864527629234 0.07908847184986595 0.5074272133095663 0.09785522788203753 0.5133689839572193 0.13270777479892762 0.506833036244801 0.2520107238605898
0 0.5638740344622698 0.3485254691689008 0.5644682115270351 0.3445040214477212 0.5561497326203209 0.3284182305630027 0.5502079619726679 0.3485254691689008 0.5638740344622698 0.3485254691689008
0 0.52465834818776 0.25603217158176944 0.5252525252525253 0.2828418230563003 0.5288175876411171 0.289544235924933 0.5472370766488414 0.306970509383378 0.5614973262032086 0.2761394101876676 0.560308972073678 0.2613941018766756 0.5502079619726679 0.2386058981233244 0.5460487225193108 0.24128686327077747 0.5389185977421271 0.2345844504021448 0.5264408793820559 0.21179624664879357 0.5175282234105764 0.21983914209115282 0.5169340463458111 0.23726541554959785 0.52465834818776 0.25603217158176944
0 0.5103980986333928 0.3042895442359249 0.5199049316696376 0.35656836461126007 0.5282234105763518 0.36595174262734587 0.5359477124183006 0.3873994638069705 0.5430778371954843 0.3900804289544236 0.5377302436125966 0.35924932975871315 0.5490196078431373 0.34718498659517427 0.5525846702317291 0.33109919571045576 0.5519904931669638 0.3230563002680965 0.5454545454545455 0.3096514745308311 0.5199049316696376 0.2828418230563003 0.5163398692810458 0.27211796246648795 0.5103980986333928 0.27211796246648795 0.5056446821152704 0.28418230563002683 0.5050505050505051 0.29088471849865954 0.5103980986333928 0.3042895442359249
0 0.5074272133095663 0.5093833780160858 0.5050505050505051 0.5160857908847185 0.518716577540107 0.5201072386058981 0.5264408793820559 0.5053619302949062 0.5412953060011884 0.5227882037533512 0.5389185977421271 0.5455764075067024 0.5466428995840761 0.5428954423592494 0.5537730243612596 0.5241286863270778 0.5347593582887701 0.4932975871313673 0.5389185977421271 0.4705093833780161 0.5430778371954843 0.4611260053619303 0.5454545454545455 0.4450402144772118 0.5442661913250149 0.4316353887399464 0.5323826500297089 0.40214477211796246 0.5175282234105764 0.3873994638069705 0.518716577540107 0.36863270777479895 0.5002970885323826 0.3646112600536193 0.4955436720142603 0.3726541554959786 0.5074272133095663 0.5093833780160858
0 0.48068924539512775 0.3579088471849866 0.4896019013666073 0.3672922252010724 0.4901960784313726 0.3739946380697051 0.4866310160427808 0.3833780160857909 0.4872251931075461 0.39276139410187666 0.4973262032085562 0.40214477211796246 0.4991087344028521 0.4128686327077748 0.5038621509209745 0.41152815013404825 0.5139631610219846 0.386058981233244 0.5341651812240048 0.40214477211796246 0.5300059417706476 0.37533512064343166 0.5133689839572193 0.34718498659517427 0.4955436720142603 0.3378016085790885 0.4901960784313726 0.3378016085790885 0.4836601307189543 0.34584450402144773 0.483065953654189 0.3552278820375335 0.48068924539512775 0.3579088471849866
0 0.47474747474747475 0.7064343163538874 0.47296494355317886 0.8565683646112601 0.4693998811645871 0.868632707774799 0.4866310160427808 0.8619302949061662 0.4884135472370767 0.8096514745308311 0.49673202614379086 0.7989276139410187 0.5014854426619133 0.8002680965147453 0.5080213903743316 0.824396782841823 0.512774806892454 0.8324396782841823 0.5317884729649436 0.8498659517426274 0.5329768270944741 0.8579088471849866 0.530600118835413 0.8753351206434317 0.5430778371954843 0.868632707774799 0.5460487225193108 0.8619302949061662 0.5436720142602496 0.8471849865951743 0.5216874628639335 0.8203753351206434 0.5169340463458111 0.7908847184986595 0.5163398692810458 0.7600536193029491 0.5032679738562091 0.7198391420911529 0.48187759952465836 0.6702412868632708 0.4753416518122401 0.6702412868632708 0.4705882352941177 0.6823056300268097 0.4705882352941177 0.6957104557640751 0.47474747474747475 0.7064343163538874
0 0.35175282234105765 0.8083109919571045 0.35115864527629237 0.8270777479892761 0.34699940582293526 0.8485254691689008 0.34818775995246587 0.8766756032171582 0.36363636363636365 0.8766756032171582 0.36482471776589426 0.8726541554959786 0.35888294711824126 0.8659517426273459 0.358288770053476 0.8592493297587132 0.36482471776589426 0.8525469168900804 0.36244800950683304 0.8471849865951743 0.37136066547831253 0.8150134048257373 0.3672014260249555 0.789544235924933 0.36601307189542487 0.7613941018766757 0.36779560308972076 0.7520107238605899 0.3832442067736186 0.7211796246648794 0.3850267379679145 0.7131367292225201 0.38383838383838387 0.6957104557640751 0.37967914438502676 0.6876675603217158 0.37254901960784315 0.6876675603217158 0.36541889483065954 0.707774798927614 0.33927510398098637 0.7345844504021448 0.33392751039809865 0.7520107238605899 0.334521687462864 0.7694369973190349 0.35175282234105765 0.8083109919571045
0 0.39156268568033276 0.5777479892761395 0.38859180035650626 0.5911528150134049 0.376114081996435 0.613941018766756 0.37967914438502676 0.6206434316353887 0.38562091503267976 0.6085790884718498 0.40047534165181226 0.5924932975871314 0.40760546642899587 0.6099195710455764 0.399881164587047 0.6300268096514745 0.41117052881758764 0.6434316353887399 0.411764705882353 0.6394101876675603 0.40819964349376114 0.6340482573726541 0.40938799762329176 0.6166219839142091 0.41830065359477125 0.6005361930294906 0.42245989304812837 0.6112600536193029 0.4266191325014855 0.6112600536193029 0.42008318478906714 0.5951742627345845 0.4218657159833631 0.5683646112600537 0.42899584076054664 0.561662198391421 0.4319667260843732 0.5670241286863271 0.43909685086155675 0.5254691689008043 0.43909685086155675 0.5107238605898123 0.43137254901960786 0.5053619302949062 0.41117052881758764 0.5254691689008043 0.39631610219845514 0.5254691689008043 0.38859180035650626 0.5428954423592494 0.38859180035650626 0.564343163538874 0.39156268568033276 0.5777479892761395
0 0.39037433155080214 0.45576407506702415 0.39037433155080214 0.46782841823056304 0.39631610219845514 0.47319034852546915 0.4058229352347 0.4705093833780161 0.41117052881758764 0.4544235924932976 0.41117052881758764 0.4249329758713137 0.41651812240047537 0.4128686327077748 0.423648247177659 0.4222520107238606 0.43018419489007725 0.44906166219839144 0.435531788472965 0.450402144772118 0.42602495543672014 0.3914209115281501 0.4325609031491385 0.35656836461126007 0.429590017825312 0.3418230563002681 0.42543077837195487 0.3351206434316354 0.41948900772430187 0.33646112600536193 0.39631610219845514 0.37131367292225204 0.3862150920974451 0.39276139410187666 0.38443256090314915 0.403485254691689 0.38562091503267976 0.4168900804289544 0.38265002970885326 0.42359249329758714 0.382055852644088 0.4517426273458445 0.39037433155080214 0.45576407506702415
0 0.39037433155080214 0.3512064343163539 0.393939393939394 0.3632707774798928 0.39750445632798576 0.3646112600536193 0.4010695187165776 0.34986595174262736 0.41414141414141414 0.34316353887399464 0.4379084967320262 0.34048257372654156 0.43909685086155675 0.35254691689008044 0.44325609031491386 0.353887399463807 0.44503862150920975 0.3793565683646113 0.4497920380273322 0.3766756032171582 0.4456327985739751 0.34986595174262736 0.44622697563874036 0.32171581769436997 0.44325609031491386 0.3096514745308311 0.4456327985739751 0.2922252010723861 0.4545454545454546 0.2828418230563003 0.4545454545454546 0.2613941018766756 0.4515745692216281 0.2546916890080429 0.41354723707664887 0.2520107238605898 0.40344622697563876 0.27479892761394104 0.41117052881758764 0.3284182305630027 0.39037433155080214 0.3512064343163539
0 0.4278074866310161 0.2520107238605898 0.4408793820558527 0.2546916890080429 0.4468211527035057 0.25067024128686327 0.45395127748068925 0.25603217158176944 0.4587046939988117 0.2386058981233244 0.45989304812834225 0.21849865951742628 0.4682115270350565 0.20911528150134048 0.4705882352941177 0.18766756032171583 0.4664289958407606 0.17560321715817695 0.4604872251931076 0.1742627345844504 0.4349376114081997 0.18498659517426275 0.4248366013071896 0.20107238605898123 0.4248366013071896 0.22788203753351208 0.4278074866310161 0.2520107238605898
0 0.4319667260843732 0.08981233243967829 0.4426619132501486 0.12064343163538874 0.44206773618538325 0.1742627345844504 0.44919786096256686 0.17292225201072386 0.4527629233511587 0.16353887399463807 0.4486036838978016 0.15415549597855227 0.4497920380273322 0.13002680965147453 0.45395127748068925 0.11662198391420912 0.4527629233511587 0.08176943699731903 0.45989304812834225 0.05361930294906166 0.46880570409982175 0.03351206434316354 0.46702317290552586 0.0160857908847185 0.46405228758169936 0.012064343163538875 0.45692216280451575 0.014745308310991957 0.43315508021390375 0.06702412868632708 0.4307783719548426 0.0777479892761394 0.4319667260843732 0.08981233243967829
0 0.30005941770647654 0.2546916890080429 0.30837789661319076 0.257372654155496 0.30362448009506837 0.2520107238605898 0.30421865715983365 0.22922252010723862 0.3077837195484254 0.21983914209115282 0.30659536541889487 0.21715817694369974 0.30065359477124187 0.22654155495978553 0.29649435531788476 0.24396782841823056 0.30005941770647654 0.2546916890080429
0 0.3137254901960784 0.26273458445040215 0.32144979203802737 0.2640750670241287 0.31907308377896615 0.2587131367292225 0.31550802139037437 0.2131367292225201 0.31194295900178254 0.21179624664879357 0.31134878193701726 0.257372654155496 0.3137254901960784 0.26273458445040215
0 0.30005941770647654 0.18900804289544237 0.30540701128936426 0.2064343163538874 0.31491384432560904 0.20777479892761394 0.31729055258467026 0.20107238605898123 0.31788472964943554 0.17828418230563003 0.31491384432560904 0.15415549597855227 0.3226381461675579 0.1193029490616622 0.32323232323232326 0.08981233243967829 0.32026143790849676 0.0777479892761394 0.31431966726084376 0.07640750670241286 0.30243612596553776 0.1032171581769437 0.30065359477124187 0.13270777479892762 0.2976827094474154 0.14343163538873996 0.29649435531788476 0.16890080428954424 0.30005941770647654 0.18900804289544237
0 0.22697563874034463 0.3605898123324397 0.23410576351752824 0.35656836461126007 0.24183006535947715 0.35924932975871315 0.24598930481283424 0.3418230563002681 0.25490196078431376 0.34048257372654156 0.24301841948900774 0.3136729222520107 0.24717765894236485 0.2828418230563003 0.25371360665478315 0.27211796246648795 0.25133689839572193 0.2520107238605898 0.24777183600713015 0.24664879356568364 0.24004753416518124 0.24932975871313673 0.21628045157456924 0.3230563002680965 0.21865715983363043 0.3485254691689008 0.22697563874034463 0.3605898123324397
0 0.20261437908496732 0.45576407506702415 0.21271538918597743 0.4718498659517426 0.21330956625074274 0.4865951742627346 0.20855614973262032 0.532171581769437 0.22043969102792635 0.5361930294906166 0.21628045157456924 0.514745308310992 0.22103386809269163 0.5013404825737265 0.23767082590612004 0.3967828418230563 0.23648247177658943 0.3900804289544236 0.24064171122994654 0.3833780160857909 0.24004753416518124 0.3632707774798928 0.23707664884135474 0.3579088471849866 0.22816399286987524 0.3646112600536193 0.22519310754604874 0.37801608579088475 0.21865715983363043 0.3833780160857909 0.20142602495543674 0.4155495978552279 0.19786096256684493 0.43029490616621985 0.19726678550207963 0.4383378016085791 0.20261437908496732 0.45576407506702415
0 0.17112299465240643 0.225201072386059 0.17409387997623293 0.24396782841823056 0.16993464052287582 0.289544235924933 0.17171717171717174 0.29356568364611263 0.18419489007724302 0.29356568364611263 0.18419489007724302 0.2774798927613941 0.18597742127153893 0.27479892761394104 0.18003565062388593 0.26541554959785524 0.18300653594771243 0.17962466487935658 0.19726678550207963 0.14343163538873996 0.19904931669637554 0.128686327077748 0.19667260843731432 0.1193029490616622 0.19310754604872254 0.11394101876675604 0.18538324420677363 0.11528150134048258 0.18122400475341652 0.1353887399463807 0.16755793226381463 0.16085790884718498 0.1628045157456922 0.17828418230563003 0.1628045157456922 0.20241286863270777 0.17112299465240643 0.225201072386059