0 0.9696969696969697 0.48257372654155495 0.9702911467617351 0.5107238605898123 0.9774212715389187 0.5308310991957105 0.9732620320855616 0.5361930294906166 0.9732620320855616 0.5495978552278821 0.9786096256684492 0.5576407506702413 0.9815805109922757 0.5388739946380697 0.9803921568627452 0.5214477211796247 0.983957219251337 0.5120643431635389 0.9910873440285206 0.46246648793565687 0.9928698752228164 0.403485254691689 0.9857397504456329 0.39544235924932974 0.983957219251337 0.37533512064343166 0.9774212715389187 0.36595174262734587 0.9702911467617351 0.37533512064343166 0.9696969696969697 0.39544235924932974 0.9649435531788474 0.403485254691689 0.9613784907902555 0.4638069705093834 0.9696969696969697 0.48257372654155495
0 0.7551990493166965 0.23056300268096516 0.7551990493166965 0.26541554959785524 0.750445632798574 0.29490616621983917 0.7474747474747475 0.3002680965147453 0.7795603089720737 0.31501340482573725 0.7872846108140227 0.3136729222520107 0.7866904337492573 0.2962466487935657 0.7795603089720737 0.26541554959785524 0.7771836007130125 0.23994638069705093 0.7771836007130125 0.2319034852546917 0.781937017231135 0.22386058981233245 0.7724301841948902 0.18230563002680966 0.770053475935829 0.15147453083109919 0.7611408199643495 0.1260053619302949 0.7551990493166965 0.12466487935656836 0.750445632798574 0.1353887399463807 0.7593582887700535 0.21045576407506703 0.7551990493166965 0.23056300268096516
0 0.6268568033273916 0.20241286863270777 0.6226975638740345 0.22922252010723862 0.6292335115864528 0.23056300268096516 0.6232917409387998 0.2613941018766756 0.6286393345216875 0.29758713136729226 0.6262626262626263 0.33109919571045576 0.6298276886512181 0.33109919571045576 0.6333927510398099 0.3230563002680965 0.6405228758169935 0.3230563002680965 0.6411170528817588 0.2667560321715818 0.6458704693998812 0.21849865951742628 0.6411170528817588 0.1970509383378016 0.6399286987522282 0.17828418230563003 0.6310160427807487 0.14343163538873996 0.6232917409387998 0.14209115281501342 0.6191325014854427 0.15147453083109919 0.6191325014854427 0.1648793565683646 0.6268568033273916 0.20241286863270777
0 0.5983363042186572 0.30294906166219837 0.6007130124777184 0.3230563002680965 0.6060606060606061 0.4249329758713137 0.601901366607249 0.4316353887399464 0.6155674390968509 0.4436997319034853 0.6131907308377897 0.4571045576407507 0.6232917409387998 0.45576407506702415 0.619726678550208 0.4075067024128686 0.6280451574569222 0.34718498659517427 0.6048722519310755 0.26943699731903487 0.5983363042186572 0.2680965147453083 0.5941770647653001 0.27479892761394104 0.5918003565062389 0.28418230563002683 0.5983363042186572 0.30294906166219837
0 0.5163398692810458 0.1032171581769437 0.5222816399286988 0.1193029490616622 0.518716577540107 0.1581769436997319 0.518716577540107 0.2225201072386059 0.5163398692810458 0.2345844504021448 0.5228758169934641 0.2345844504021448 0.5228758169934641 0.21849865951742628 0.5407011289364231 0.2225201072386059 0.5418894830659536 0.21179624664879357 0.5359477124183006 0.13136729222520108 0.5407011289364231 0.09249329758713137 0.5335710041592395 0.07372654155495979 0.5329768270944741 0.06166219839142091 0.5252525252525253 0.05764075067024129 0.5193107546048723 0.08445040214477212 0.5133689839572193 0.096514745308311 0.4943553178847297 0.10857908847184987 0.4955436720142603 0.1126005361930295 0.5163398692810458 0.1032171581769437
0 0.4444444444444445 0.2761394101876676 0.4456327985739751 0.29356568364611263 0.5026737967914439 0.289544235924933 0.5044563279857398 0.26943699731903487 0.5014854426619133 0.2640750670241287 0.49158229352347 0.26273458445040215 0.4860368389780155 0.2520107238605898 0.4884135472370767 0.21849865951742628 0.4842543077837196 0.2037533512064343 0.47593582887700536 0.19571045576407506 0.46405228758169936 0.1970509383378016 0.4557338086749852 0.19034852546916892 0.4497920380273322 0.20911528150134048 0.4503862150920975 0.23324396782841825 0.4444444444444445 0.2761394101876676
0 0.4557338086749852 0.3512064343163539 0.45216874628639336 0.3873994638069705 0.45692216280451575 0.3766756032171582 0.4705882352941177 0.3900804289544236 0.48068924539512775 0.3900804289544236 0.4854426619132502 0.3766756032171582 0.5002970885323826 0.38471849865951746 0.49970291146761736 0.4008042895442359 0.5014854426619133 0.403485254691689 0.5080213903743316 0.3914209115281501 0.5080213903743316 0.37533512064343166 0.494949494949495 0.36863270777479895 0.48781937017231136 0.35924932975871315 0.4913844325609032 0.30831099195710454 0.4860368389780155 0.29088471849865954 0.4812834224598931 0.2868632707774799 0.4741532976827095 0.29088471849865954 0.459298871063577 0.28820375335120646 0.44503862150920975 0.30294906166219837 0.4444444444444445 0.3190348525469169 0.4557338086749852 0.3512064343163539
0 0.4497920380273322 0.4316353887399464 0.4515745692216281 0.4450402144772118 0.44919786096256686 0.4611260053619303 0.453357100415924 0.4664879356568365 0.4563279857397505 0.45308310991957107 0.46286393345216875 0.45308310991957107 0.46405228758169936 0.4611260053619303 0.4705882352941177 0.4705093833780161 0.4795008912655972 0.49463806970509383 0.47771836007130125 0.5093833780160858 0.47474747474747475 0.514745308310992 0.47593582887700536 0.517426273458445 0.489007724301842 0.514745308310992 0.49376114081996436 0.48927613941018766 0.5020796197266786 0.48525469168900803 0.5014854426619133 0.46782841823056304 0.4943553178847297 0.4664879356568365 0.48484848484848486 0.4517426273458445 0.49079025549613786 0.4249329758713137 0.4913844325609032 0.41420911528150134 0.4884135472370767 0.40214477211796246 0.4836601307189543 0.39812332439678283 0.4575163398692811 0.39946380697050937 0.4527629233511587 0.3900804289544236 0.4438502673796792 0.39276139410187666 0.44028520499108736 0.4008042895442359 0.4396910279263221 0.4168900804289544 0.4497920380273322 0.4316353887399464
0 0.5383244206773619 0.37801608579088475 0.5436720142602496 0.44235924932975873 0.5389185977421271 0.48257372654155495 0.5389185977421271 0.5268096514745308 0.5353535353535354 0.5402144772117963 0.5288175876411171 0.5509383378016086 0.5430778371954843 0.5536193029490617 0.5430778371954843 0.5388739946380697 0.5496137849079026 0.532171581769437 0.5609031491384433 0.5348525469168901 0.5555555555555556 0.48257372654155495 0.5614973262032086 0.44235924932975873 0.5531788472964944 0.3739946380697051 0.548425430778372 0.36595174262734587 0.5466428995840761 0.3485254691689008 0.5389185977421271 0.34048257372654156 0.5329768270944741 0.35254691689008044 0.5329768270944741 0.3646112600536193 0.5383244206773619 0.37801608579088475
0 0.43018419489007725 0.4638069705093834 0.42840166369578137 0.4812332439678284 0.43909685086155675 0.6300268096514745 0.4497920380273322 0.6327077747989276 0.4497920380273322 0.6126005361930295 0.4444444444444445 0.5737265415549598 0.44800950683303625 0.561662198391421 0.4563279857397505 0.5536193029490617 0.4753416518122401 0.5978552278820376 0.48068924539512775 0.6273458445040214 0.4860368389780155 0.6058981233243967 0.4705882352941177 0.5723860589812333 0.46702317290552586 0.5549597855227882 0.46583481877599525 0.5120643431635389 0.4503862150920975 0.4691689008042896 0.4396910279263221 0.4571045576407507 0.435531788472965 0.4410187667560322 0.42840166369578137 0.4436997319034853 0.42721330956625075 0.450402144772118 0.43018419489007725 0.4638069705093834
0 0.4396910279263221 0.5201072386058981 0.44206773618538325 0.5415549597855228 0.4396910279263221 0.5428954423592494 0.43909685086155675 0.5536193029490617 0.4408793820558527 0.5495978552278821 0.4438502673796792 0.5536193029490617 0.44503862150920975 0.5455764075067024 0.4563279857397505 0.5375335120643432 0.459298871063577 0.5268096514745308 0.46583481877599525 0.5268096514745308 0.4634581105169341 0.5080428954423593 0.4563279857397505 0.49463806970509383 0.4503862150920975 0.47319034852546915 0.4408793820558527 0.4597855227882038 0.4367201426024956 0.44235924932975873 0.429590017825312 0.44235924932975873 0.429590017825312 0.4906166219839142 0.4396910279263221 0.5201072386058981
0 0.4319667260843732 0.9115281501340483 0.44325609031491386 0.9142091152815014 0.45513963161021986 0.8981233243967829 0.4587046939988117 0.9048257372654156 0.46286393345216875 0.9021447721179625 0.4634581105169341 0.8552278820375335 0.4604872251931076 0.8284182305630027 0.4634581105169341 0.7815013404825737 0.45811051693404636 0.7319034852546917 0.4468211527035057 0.6809651474530831 0.4438502673796792 0.675603217158177 0.43731431966726086 0.6769436997319035 0.43315508021390375 0.6916890080428955 0.4396910279263221 0.7493297587131368 0.4319667260843732 0.9115281501340483
0 0.30837789661319076 0.8136729222520107 0.30303030303030304 0.839142091152815 0.29649435531788476 0.8498659517426274 0.28758169934640526 0.8806970509383378 0.29292929292929293 0.8847184986595175 0.29708853238265004 0.8659517426273459 0.31313131313131315 0.8337801608579088 0.32382650029708854 0.8351206434316354 0.32798573975044565 0.8471849865951743 0.32976827094474154 0.9021447721179625 0.34105763517528226 0.9061662198391421 0.34224598930481287 0.8994638069705094 0.33511586452762926 0.8900804289544236 0.33333333333333337 0.8404825737265416 0.33689839572192515 0.8002680965147453 0.33214497920380276 0.772117962466488 0.33689839572192515 0.7345844504021448 0.34224598930481287 0.7144772117962467 0.340463458110517 0.6957104557640751 0.334521687462864 0.693029490616622 0.32976827094474154 0.6997319034852547 0.30718954248366015 0.7841823056300268 0.30600118835412954 0.792225201072386 0.30837789661319076 0.8136729222520107
0 0.35591206179441476 0.5227882037533512 0.35472370766488415 0.5375335120643432 0.35650623885918004 0.5428954423592494 0.36957813428401665 0.5402144772117963 0.36898395721925137 0.5335120643431636 0.35472370766488415 0.5134048257372654 0.35294117647058826 0.5160857908847185 0.35591206179441476 0.5227882037533512
0 0.32085561497326204 0.5603217158176944 0.32798573975044565 0.5603217158176944 0.32620320855614976 0.5402144772117963 0.33036244800950687 0.532171581769437 0.34224598930481287 0.514745308310992 0.35947712418300654 0.5040214477211796 0.36244800950683304 0.4906166219839142 0.37195484254307787 0.4906166219839142 0.36779560308972076 0.4705093833780161 0.3612596553773025 0.4611260053619303 0.36066547831253715 0.4450402144772118 0.370172311348782 0.42091152815013405 0.37373737373737376 0.3914209115281501 0.37254901960784315 0.3820375335120644 0.36601307189542487 0.37533512064343166 0.340463458110517 0.403485254691689 0.32917409387997626 0.4410187667560322 0.33511586452762926 0.5013404825737265 0.32382650029708854 0.5281501340482574 0.31431966726084376 0.5402144772117963 0.3137254901960784 0.546916890080429 0.32085561497326204 0.5603217158176944
0 0.16339869281045752 0.4544235924932976 0.17171717171717174 0.48257372654155495 0.17171717171717174 0.5348525469168901 0.18478906714200832 0.5348525469168901 0.18241235888294713 0.5160857908847185 0.18538324420677363 0.514745308310992 0.18538324420677363 0.5093833780160858 0.17706476530005943 0.4973190348525469 0.18300653594771243 0.4517426273458445 0.18062982768865124 0.4436997319034853 0.18181818181818182 0.43297587131367293 0.18894830659536543 0.4168900804289544 0.19607843137254904 0.41420911528150134 0.20023767082590613 0.37533512064343166 0.19489007724301843 0.3672922252010724 0.18716577540106952 0.3699731903485255 0.18360071301247774 0.38471849865951746 0.16102198455139632 0.4195710455764075 0.15745692216280452 0.4343163538873995 0.15745692216280452 0.450402144772118 0.16339869281045752 0.4544235924932976
0 0.18894830659536543 0.4571045576407507 0.20142602495543674 0.44906166219839144 0.19013666072489604 0.42761394101876676 0.18478906714200832 0.43029490616621985 0.18419489007724302 0.44906166219839144 0.18894830659536543 0.4571045576407507
0 0.18181818181818182 0.2989276139410188 0.18478906714200832 0.3324396782841823 0.18300653594771243 0.3579088471849866 0.18538324420677363 0.3672922252010724 0.20261437908496732 0.37131367292225204 0.20320855614973263 0.3512064343163539 0.19964349376114082 0.32707774798927614 0.19964349376114082 0.29535254691689006 0.20261437908496732 0.2667560321715818 0.19667260843731432 0.2520107238605898 0.18835412953060013 0.2587131367292225 0.18894830659536543 0.2761394101876676 0.18181818181818182 0.2989276139410188
0 0.21449792038027332 0.31769436997319034 0.20974450386215093 0.3793565683646113 0.22400475341651813 0.3820375335120644 0.22459893048128343 0.3766756032171582 0.21984551396316104 0.36863270777479895 0.22816399286987524 0.35254691689008044 0.22162804515745693 0.33378016085790885 0.22519310754604874 0.32171581769436997 0.22578728461081404 0.28820375335120646 0.24480095068330365 0.24128686327077747 0.24420677361853835 0.21983914209115282 0.24004753416518124 0.21447721179624665 0.23351158645276293 0.2158176943699732 0.20617944147355913 0.26541554959785524 0.20617944147355913 0.29490616621983917 0.21449792038027332 0.31769436997319034
0 0.3048128342245989 0.2158176943699732 0.30362448009506837 0.23726541554959785 0.30659536541889487 0.2640750670241287 0.30718954248366015 0.3190348525469169 0.31431966726084376 0.3378016085790885 0.31491384432560904 0.3136729222520107 0.32144979203802737 0.257372654155496 0.32026143790849676 0.225201072386059 0.3285799168152109 0.21045576407506703 0.32144979203802737 0.14745308310991959 0.31729055258467026 0.14075067024128687 0.31253713606654787 0.14209115281501342 0.30718954248366015 0.16890080428954424 0.30362448009506837 0.17024128686327078 0.30005941770647654 0.1836461126005362 0.29827688651218065 0.20241286863270777 0.3048128342245989 0.2158176943699732
0 0.36066547831253715 0.3203753351206434 0.37373737373737376 0.3203753351206434 0.3832442067736186 0.3096514745308311 0.38680926916221037 0.2962466487935657 0.38859180035650626 0.2479892761394102 0.3909685086155675 0.2453083109919571 0.38978015448603687 0.22654155495978553 0.38680926916221037 0.21849865951742628 0.37849079025549615 0.21983914209115282 0.37551990493166965 0.23324396782841825 0.36244800950683304 0.24664879356568364 0.34997029114676176 0.27882037533512066 0.35056446821152704 0.2962466487935657 0.36066547831253715 0.3203753351206434
0 0.39156268568033276 0.2855227882037534 0.38978015448603687 0.289544235924933 0.39750445632798576 0.29758713136729226 0.39928698752228164 0.29356568364611263 0.3969102792632205 0.27211796246648795 0.4058229352347 0.24932975871313673 0.4058229352347 0.23726541554959785 0.40166369578134287 0.225201072386059 0.39631610219845514 0.22386058981233245 0.39275103980986337 0.22788203753351208 0.387997623291741 0.2479892761394102 0.38680926916221037 0.2774798927613941 0.39156268568033276 0.2855227882037534
0 0.364230540701129 0.37131367292225204 0.37492572786690437 0.3766756032171582 0.3909685086155675 0.34986595174262736 0.40047534165181226 0.32439678284182305 0.4010695187165776 0.30831099195710454 0.39750445632798576 0.30294906166219837 0.38978015448603687 0.30294906166219837 0.35710041592394537 0.3257372654155496 0.35353535353535354 0.33378016085790885 0.35412953060011887 0.3552278820375335 0.364230540701129 0.37131367292225204
0 0.38978015448603687 0.4772117962466488 0.4010695187165776 0.47587131367292224 0.3921568627450981 0.45844504021447724 0.38859180035650626 0.4597855227882038 0.38680926916221037 0.4705093833780161 0.38978015448603687 0.4772117962466488
0 0.38383838383838387 0.3726541554959786 0.38978015448603687 0.3833780160857909 0.3909685086155675 0.39946380697050937 0.38859180035650626 0.40482573726541554 0.38859180035650626 0.4195710455764075 0.38978015448603687 0.44235924932975873 0.3921568627450981 0.4477211796246649 0.39631610219845514 0.45308310991957107 0.41414141414141414 0.44906166219839144 0.4147355912061795 0.45576407506702415 0.42245989304812837 0.45576407506702415 0.42305407011289364 0.44638069705093836 0.417706476530006 0.4316353887399464 0.4147355912061795 0.41152815013404825 0.41711229946524064 0.3833780160857909 0.42245989304812837 0.3646112600536193 0.4218657159833631 0.3485254691689008 0.41948900772430187 0.34316353887399464 0.41354723707664887 0.34048257372654156 0.399881164587047 0.35656836461126007 0.38680926916221037 0.35656836461126007 0.37967914438502676 0.36863270777479895 0.3790849673202615 0.3726541554959786 0.38383838383838387 0.3726541554959786
0 0.37076648841354726 0.38873994638069703 0.36838978015448604 0.4664879356568365 0.37492572786690437 0.4959785522788204 0.37373737373737376 0.5093833780160858 0.37670825906120026 0.514745308310992 0.3802733214497921 0.5080428954423593 0.37670825906120026 0.4718498659517426 0.37849079025549615 0.435656836461126 0.38086749851455737 0.4316353887399464 0.3790849673202615 0.42091152815013405 0.38680926916221037 0.4061662198391421 0.3891859774212716 0.38873994638069703 0.3802733214497921 0.3739946380697051 0.36244800950683304 0.37801608579088475 0.3672014260249555 0.3793565683646113 0.37076648841354726 0.38873994638069703