0 0.869002284843869 0.3473541383989145 0.8735719725818736 0.3527815468113975 0.8697638994668698 0.3704206241519674 0.8636709824828637 0.37991858887381275 0.8743335872048743 0.38263229308005425 0.8819497334348819 0.3731343283582089 0.8849961919268851 0.37991858887381275 0.8926123381568927 0.37991858887381275 0.8872810357958874 0.3310719131614654 0.8910891089108911 0.26051560379918587 0.8819497334348819 0.21709633649932156 0.8750952018278751 0.21709633649932156 0.8705255140898706 0.2265943012211669 0.869002284843869 0.25508819538670285 0.8720487433358721 0.2659430122116689 0.8682406702208683 0.29036635006784256 0.8712871287128713 0.2971506105834464 0.8712871287128713 0.3202170963364993 0.8651942117288652 0.3270013568521031 0.8712871287128713 0.3337856173677069 0.869002284843869 0.3473541383989145
0 0.8545316070068546 0.24694708276797828 0.869002284843869 0.27679782903663497 0.8712871287128713 0.2754409769335142 0.8674790555978675 0.25508819538670285 0.8705255140898706 0.23744911804613295 0.8651942117288652 0.21981004070556306 0.8598629093678599 0.21166892808683851 0.8545316070068546 0.21166892808683851 0.8507235338918507 0.2184531886024423 0.84996191926885 0.23066485753052915 0.8545316070068546 0.24694708276797828
0 0.718964204112719 0.14518317503392128 0.7212490479817213 0.11261872455902305 0.7372429550647372 0.12211668928086837 0.7440974866717441 0.13432835820895522 0.7448591012947449 0.15061058344640432 0.7479055597867479 0.15332428765264586 0.7524752475247525 0.14518317503392128 0.7517136329017517 0.13839891451831748 0.7402894135567403 0.11533242876526457 0.7364813404417365 0.08005427408412483 0.7265803503427266 0.04748982360922659 0.7166793602437167 0.027137042062415195 0.7090632140137091 0.028493894165535955 0.7121096725057121 0.14654002713704206 0.718964204112719 0.14518317503392128
0 0.8286367098248286 0.37584803256445043 0.8286367098248286 0.38263229308005425 0.8187357197258187 0.3975576662143826 0.8263518659558263 0.4002713704206241 0.8362528560548362 0.4287652645861601 0.8293983244478295 0.44640434192672995 0.8431073876618431 0.44640434192672995 0.8453922315308454 0.4423337856173677 0.8431073876618431 0.4341926729986431 0.8484386900228484 0.4274084124830393 0.8484386900228484 0.4206241519674355 0.8415841584158416 0.4002713704206241 0.856054836252856 0.383989145183175 0.856054836252856 0.3677069199457259 0.8316831683168318 0.3419267299864315 0.8240670220868241 0.3270013568521031 0.817974105102818 0.3270013568521031 0.8141660319878142 0.3337856173677069 0.814927646610815 0.35142469470827675 0.8286367098248286 0.37584803256445043
0 0.7288651942117289 0.7177747625508819 0.7341964965727342 0.7232021709633649 0.7265803503427266 0.8046132971506105 0.7204874333587205 0.8168249660786974 0.734958111195735 0.8141112618724559 0.7364813404417365 0.7937584803256444 0.7433358720487434 0.7801899592944368 0.7593297791317594 0.7978290366350067 0.7631378522467631 0.8195386702849389 0.7661843107387662 0.8222523744911804 0.7715156130997716 0.7991858887381275 0.763899466869764 0.7937584803256444 0.7501904036557502 0.7720488466757123 0.7547600913937548 0.7354138398914518 0.7517136329017517 0.689280868385346 0.7448591012947449 0.6757123473541383 0.738004569687738 0.6485753052917231 0.7303884234577304 0.6472184531886024 0.7258187357197259 0.6594301221166893 0.7319116527037319 0.7042062415196743 0.7288651942117289 0.7177747625508819
0 0.6884996191926885 0.4274084124830393 0.6824067022086824 0.47354138398914514 0.6854531607006855 0.4748982360922659 0.6892612338156893 0.4586160108548168 0.6984006092916984 0.4477611940298507 0.715917745620716 0.46675712347354137 0.7136329017517137 0.4816824966078697 0.7235338918507236 0.47625508819538664 0.7265803503427266 0.46675712347354137 0.722010662604722 0.45997286295793754 0.7174409748667174 0.4287652645861601 0.725057121096725 0.4111261872455902 0.7235338918507236 0.4056987788331072 0.7143945163747144 0.39077340569877883 0.6884996191926885 0.36906377204884666 0.6785986290936786 0.3772048846675712 0.6778370144706779 0.38534599728629576 0.6884996191926885 0.4274084124830393
0 0.722010662604722 0.25101763907734054 0.7212490479817213 0.26458616010854813 0.738004569687738 0.27679782903663497 0.7410510281797411 0.29036635006784256 0.7494287890327495 0.29850746268656714 0.750952018278751 0.3134328358208955 0.7616146230007617 0.3093622795115332 0.7616146230007617 0.30122116689280864 0.7440974866717441 0.28222523744911804 0.7448591012947449 0.25780189959294436 0.7494287890327495 0.24694708276797828 0.7479055597867479 0.2360922659430122 0.7174409748667174 0.20081411126187243 0.7098248286367098 0.2021709633649932 0.7067783701447068 0.208955223880597 0.7067783701447068 0.22116689280868385 0.722010662604722 0.25101763907734054
0 0.7014470677837015 0.28493894165535955 0.702970297029703 0.2944369063772049 0.725057121096725 0.3175033921302578 0.7303884234577304 0.3175033921302578 0.7303884234577304 0.30529172320217096 0.7402894135567403 0.29172320217096337 0.7402894135567403 0.2781546811397557 0.7197258187357197 0.26051560379918587 0.7121096725057121 0.26051560379918587 0.7006854531607007 0.25101763907734054 0.6923076923076923 0.2564450474898236 0.6923076923076923 0.2727272727272727 0.7014470677837015 0.28493894165535955
0 0.674028941355674 0.32428765264586157 0.6633663366336634 0.36906377204884666 0.6732673267326733 0.3731343283582089 0.6725057121096725 0.35956580732700133 0.6778370144706779 0.34328358208955223 0.6877380045696877 0.3473541383989145 0.6884996191926885 0.3568521031207598 0.6945925361766946 0.35956580732700133 0.6968773800456969 0.34328358208955223 0.6915460776846916 0.31953867028493893 0.6930693069306931 0.30122116689280864 0.6755521706016756 0.28222523744911804 0.6671744097486672 0.2890094979647218 0.667936024371668 0.30529172320217096 0.674028941355674 0.32428765264586157
0 0.7006854531607007 0.3337856173677069 0.7044935262757045 0.3541383989145183 0.7022086824067022 0.3744911804613297 0.7075399847677075 0.37177747625508817 0.7151561309977151 0.38534599728629576 0.7303884234577304 0.4287652645861601 0.725057121096725 0.4477611940298507 0.7410510281797411 0.44640434192672995 0.7410510281797411 0.43554952510176387 0.7319116527037319 0.4043419267299864 0.7319116527037319 0.3921302578018996 0.7395277989337395 0.3609226594301221 0.7341964965727342 0.3256445047489823 0.7060167555217061 0.30122116689280864 0.6999238385376999 0.30122116689280864 0.6953541507996954 0.3093622795115332 0.6945925361766946 0.3256445047489823 0.7006854531607007 0.3337856173677069
0 0.5971058644325972 0.4423337856173677 0.5955826351865956 0.4748982360922659 0.6070068545316071 0.4776119402985074 0.6130997715156131 0.44911804613297146 0.6252856054836253 0.43962008141112613 0.6329017517136329 0.4748982360922659 0.6397562833206397 0.47354138398914514 0.6351865955826352 0.45725915875169604 0.6367098248286367 0.4450474898236092 0.6290936785986291 0.4274084124830393 0.6298552932216299 0.4084124830393487 0.638994668697639 0.3921302578018996 0.6367098248286367 0.378561736770692 0.6283320639756284 0.37584803256445043 0.623000761614623 0.38534599728629576 0.6009139375476009 0.38805970149253727 0.5902513328255903 0.39891451831750335 0.5894897182025896 0.4111261872455902 0.5971058644325972 0.4423337856173677
0 0.6085300837776085 0.3704206241519674 0.6108149276466108 0.3867028493894165 0.6245239908606245 0.37991858887381275 0.6245239908606245 0.3609226594301221 0.6290936785986291 0.34871099050203525 0.638994668697639 0.344640434192673 0.6428027418126429 0.3568521031207598 0.6473724295506473 0.35549525101763907 0.6412795125666413 0.33242876526458615 0.6443259710586443 0.310719131614654 0.6405178979436406 0.3025780189959294 0.6351865955826352 0.3025780189959294 0.6207159177456207 0.316146540027137 0.6062452399086062 0.31886024423337855 0.5978674790555979 0.33242876526458615 0.5955826351865956 0.3527815468113975 0.6085300837776085 0.3704206241519674
0 0.61995430312262 0.316146540027137 0.6405178979436406 0.2998643147896879 0.6466108149276466 0.2727272727272727 0.6435643564356436 0.26458616010854813 0.638994668697639 0.26458616010854813 0.6351865955826352 0.27137042062415195 0.6298552932216299 0.2672998643147897 0.6222391469916223 0.27408412483039346 0.6077684691546078 0.2754409769335142 0.6009139375476009 0.28493894165535955 0.6062452399086062 0.31478968792401624 0.61995430312262 0.316146540027137
0 0.6306169078446306 0.18317503392130258 0.6321401370906321 0.19945725915875168 0.6275704493526276 0.25780189959294436 0.6298552932216299 0.2659430122116689 0.6336633663366337 0.25373134328358204 0.6458492003046459 0.2564450474898236 0.6481340441736482 0.2754409769335142 0.6542269611576542 0.2781546811397557 0.6504188880426505 0.26458616010854813 0.6519421172886519 0.24016282225237448 0.6572734196496572 0.21981004070556306 0.6610814927646611 0.21709633649932156 0.6580350342726581 0.16010854816824965 0.6488956587966489 0.13432835820895522 0.6428027418126429 0.13432835820895522 0.6321401370906321 0.15739484396200812 0.6268088347296268 0.17774762550881953 0.6306169078446306 0.18317503392130258
0 0.6260472201066261 0.10990502035278153 0.6268088347296268 0.13975576662143827 0.6344249809596344 0.15061058344640432 0.6367098248286367 0.14654002713704206 0.6336633663366337 0.1316146540027137 0.635948210205636 0.08141112618724558 0.6488956587966489 0.05698778833107191 0.6496572734196496 0.036635006784260515 0.6412795125666413 0.035278154681139755 0.6184310738766184 0.06919945725915874 0.6184310738766184 0.08548168249660787 0.6260472201066261 0.10990502035278153
0 0.533891850723534 0.3392130257801899 0.5163747143945164 0.35549525101763907 0.5217060167555218 0.37177747625508817 0.5300837776085301 0.35549525101763907 0.5384615384615384 0.36635006784260515 0.5392231530845393 0.37584803256445043 0.5483625285605483 0.37584803256445043 0.5453160700685453 0.3582089552238806 0.5521706016755522 0.30529172320217096 0.5453160700685453 0.2808683853459973 0.5498857578065499 0.24830393487109903 0.5453160700685453 0.2320217096336499 0.5361766945925361 0.23473541383989144 0.5308453922315308 0.26458616010854813 0.5255140898705255 0.310719131614654 0.533891850723534 0.3392130257801899
0 0.44706778370144706 0.27408412483039346 0.45316070068545317 0.28222523744911804 0.44782939832444785 0.32428765264586157 0.4623000761614623 0.3270013568521031 0.46763137852246767 0.3066485753052917 0.4737242955064737 0.23337856173677068 0.4798172124904798 0.2157394843962008 0.4782939832444783 0.20081411126187243 0.4691546077684692 0.20081411126187243 0.44173648134044174 0.24423337856173674 0.44249809596344253 0.2781546811397557 0.44706778370144706 0.27408412483039346
0 0.2932216298552932 0.2890094979647218 0.3137852246763138 0.29850746268656714 0.32292460015232294 0.2971506105834464 0.31683168316831684 0.28765264586160105 0.3137852246763138 0.2723880597014925 0.3137852246763138 0.20081411126187243 0.32444782939832445 0.16282225237449116 0.3214013709063214 0.14654002713704206 0.31073876618431073 0.14654002713704206 0.3015993907083016 0.1791044776119403 0.2955064737242955 0.22116689280868385 0.3031226199543031 0.24830393487109903 0.2932216298552932 0.2890094979647218
0 0.38537699923838536 0.43283582089552236 0.38842345773038844 0.4748982360922659 0.39375476009139376 0.48032564450474896 0.4006092916984006 0.4789687924016282 0.4067022086824067 0.3419267299864315 0.4051789794364052 0.3270013568521031 0.39375476009139376 0.3256445047489823 0.38004569687738005 0.37177747625508817 0.37623762376237624 0.3975576662143826 0.38537699923838536 0.43283582089552236
0 0.5674028941355674 0.7666214382632293 0.571972581873572 0.773405698778833 0.5658796648895659 0.7991858887381275 0.5734958111195735 0.8095888738127544 0.5734958111195735 0.8303934871099049 0.5811119573495811 0.8344640434192673 0.5841584158415841 0.8303934871099049 0.5780654988575781 0.8113975576662144 0.5826351865955827 0.7720488466757123 0.5811119573495811 0.7272727272727272 0.584920030464585 0.7014925373134328 0.5963442498095963 0.6865671641791045 0.6092916984006093 0.6797829036635006 0.6169078446306169 0.666214382632293 0.5971058644325972 0.6797829036635006 0.591012947448591 0.6757123473541383 0.5894897182025896 0.6445047489823609 0.5841584158415841 0.6377204884667571 0.5773038842345773 0.6431478968792401 0.5742574257425743 0.6594301221166893 0.5658796648895659 0.6729986431478968 0.5613099771515613 0.7272727272727272 0.5674028941355674 0.7666214382632293
0 0.02284843869002285 0.4843962008141112 0.03655750190403656 0.5061058344640433 0.048743335872048744 0.508819538670285 0.04950495049504951 0.5047489823609226 0.04341203351104341 0.4952510176390773 0.04645849200304646 0.4477611940298507 0.044173648134044174 0.4219810040705563 0.048743335872048744 0.4138398914518317 0.053313023610053314 0.4206241519674355 0.05483625285605484 0.41655359565807326 0.04798172124904798 0.4002713704206241 0.05255140898705255 0.35142469470827675 0.04798172124904798 0.3364993215739484 0.039603960396039604 0.33514246947082765 0.0357958872810358 0.3419267299864315 0.024371667936024372 0.40976933514246944 0.035034272658035034 0.4531886024423338 0.02284843869002285 0.4843962008141112