0 0.9697278911564625 0.5828571428571429 0.973469387755102 0.5985714285714285 0.9789115646258503 0.6057142857142858 0.9819727891156462 0.6192857142857143 0.9785714285714285 0.6371428571428571 0.9785714285714285 0.6435714285714286 0.9826530612244897 0.6728571428571428 0.982312925170068 0.6892857142857143 0.9795918367346939 0.7042857142857143 0.9741496598639455 0.7092857142857143 0.973469387755102 0.7128571428571429 0.9874149659863944 0.7128571428571429 0.991156462585034 0.7207142857142858 0.991156462585034 0.7278571428571429 0.9996598639455782 0.7264285714285714 0.9996598639455782 0.5985714285714285 0.9816326530612244 0.5671428571428572 0.9806122448979591 0.5607142857142857 0.9755102040816326 0.5521428571428572 0.9673469387755101 0.5535714285714286 0.9642857142857142 0.5635714285714286 0.9642857142857142 0.575 0.9697278911564625 0.5828571428571429
0 0.9530612244897958 0.3585714285714286 0.9568027210884353 0.46 0.9540816326530611 0.465 0.9608843537414965 0.4714285714285714 0.9605442176870748 0.47714285714285715 0.9632653061224489 0.4828571428571429 0.9738095238095238 0.48214285714285715 0.9755102040816326 0.47714285714285715 0.9727891156462585 0.42857142857142855 0.9782312925170067 0.41214285714285714 0.9843537414965986 0.4042857142857143 0.9840136054421768 0.38857142857142857 0.977891156462585 0.3657142857142857 0.966156462585034 0.3425 0.9629251700680271 0.3242857142857143 0.9561224489795918 0.32142857142857145 0.9530612244897958 0.32357142857142857 0.95 0.3314285714285714 0.9493197278911564 0.33714285714285713 0.9530612244897958 0.3585714285714286
0 0.7925170068027211 0.19214285714285714 0.7948979591836735 0.195 0.8006802721088435 0.2985714285714286 0.796938775510204 0.30357142857142855 0.7965986394557822 0.30714285714285716 0.8044217687074829 0.30714285714285716 0.807142857142857 0.31357142857142856 0.817687074829932 0.3107142857142857 0.8153061224489795 0.26 0.8173469387755101 0.24571428571428572 0.8210884353741496 0.2342857142857143 0.8214285714285714 0.22357142857142856 0.8156462585034013 0.20857142857142857 0.8098639455782313 0.18571428571428572 0.8030612244897959 0.1742857142857143 0.7999999999999999 0.16142857142857142 0.7935374149659863 0.16071428571428573 0.7908163265306122 0.17 0.7901360544217687 0.175 0.7925170068027211 0.19214285714285714
0 0.5846938775510203 0.6614285714285715 0.5972789115646258 0.8 0.6054421768707483 0.8035714285714286 0.6040816326530611 0.8228571428571428 0.60578231292517 0.8271428571428572 0.6098639455782312 0.8278571428571428 0.6119047619047618 0.8242857142857143 0.6129251700680272 0.7921428571428571 0.6115646258503401 0.7707142857142857 0.6136054421768707 0.7542857142857143 0.619047619047619 0.7342857142857143 0.6200680272108843 0.7135714285714285 0.6129251700680272 0.6792857142857143 0.6085034013605441 0.6642857142857143 0.6030612244897958 0.6542857142857142 0.6 0.6385714285714286 0.595578231292517 0.6342857142857142 0.5914965986394557 0.635 0.5863945578231292 0.6435714285714286 0.5843537414965986 0.6507142857142857 0.5846938775510203 0.6614285714285715
0 0.5333333333333333 0.6878571428571428 0.532312925170068 0.6921428571428572 0.5333333333333333 0.6992857142857143 0.536734693877551 0.705 0.5380952380952381 0.7135714285714285 0.5357142857142857 0.7521428571428571 0.532312925170068 0.7692857142857142 0.5329931972789115 0.7714285714285715 0.5380952380952381 0.77 0.5414965986394558 0.7771428571428571 0.5438775510204081 0.8228571428571428 0.5418367346938775 0.8371428571428572 0.5350340136054421 0.845 0.5343537414965986 0.8485714285714285 0.5459183673469388 0.8507142857142858 0.5499999999999999 0.8485714285714285 0.551360544217687 0.8392857142857143 0.5520408163265306 0.7985714285714286 0.5540816326530612 0.7935714285714286 0.557142857142857 0.7957142857142857 0.5605442176870747 0.7842857142857143 0.5612244897959183 0.7757142857142857 0.558843537414966 0.7664285714285715 0.5629251700680272 0.7435714285714285 0.5540816326530612 0.7107142857142857 0.5530612244897959 0.6957142857142857 0.5452380952380952 0.6757142857142857 0.5438775510204081 0.665 0.5394557823129251 0.6585714285714286 0.5360544217687074 0.6571428571428571 0.5326530612244897 0.6621428571428571 0.5312925170068027 0.6678571428571428 0.5306122448979591 0.68 0.5333333333333333 0.6878571428571428
0 0.5142857142857142 0.6978571428571428 0.5153061224489796 0.7128571428571429 0.5187074829931972 0.7235714285714285 0.5170068027210885 0.7707142857142857 0.5115646258503401 0.7857142857142857 0.5122448979591836 0.7885714285714286 0.5159863945578231 0.7885714285714286 0.520408163265306 0.7764285714285715 0.5251700680272109 0.7235714285714285 0.527891156462585 0.7214285714285714 0.5363945578231292 0.7228571428571429 0.5404761904761904 0.7164285714285714 0.5387755102040815 0.7128571428571429 0.5380952380952381 0.7014285714285714 0.5343537414965986 0.69 0.5255102040816326 0.6814285714285714 0.5214285714285714 0.6714285714285714 0.5153061224489796 0.6692857142857143 0.5112244897959183 0.6778571428571428 0.5119047619047619 0.6935714285714286 0.5142857142857142 0.6978571428571428
0 0.5163265306122449 0.6385714285714286 0.5261904761904762 0.6664285714285715 0.5306122448979591 0.6857142857142857 0.5377551020408163 0.685 0.5431972789115646 0.6907142857142857 0.5537414965986395 0.695 0.5561224489795918 0.7028571428571428 0.563265306122449 0.7028571428571428 0.5697278911564625 0.7135714285714285 0.5704081632653061 0.7264285714285714 0.5731292517006802 0.7235714285714285 0.5744897959183674 0.7078571428571429 0.558843537414966 0.6907142857142857 0.558843537414966 0.6857142857142857 0.5564625850340136 0.6785714285714286 0.5578231292517006 0.6721428571428572 0.5568027210884353 0.6607142857142857 0.5608843537414966 0.6542857142857142 0.557142857142857 0.6385714285714286 0.5431972789115646 0.6271428571428571 0.5244897959183673 0.6242857142857143 0.5156462585034013 0.6157142857142857 0.5108843537414965 0.6207142857142857 0.5108843537414965 0.6292857142857143 0.5163265306122449 0.6385714285714286
0 0.5221088435374149 0.6021428571428571 0.527891156462585 0.6078571428571429 0.5319727891156463 0.6228571428571429 0.5421768707482992 0.6257142857142857 0.5585034013605442 0.6407142857142857 0.5612244897959183 0.6507142857142857 0.5595238095238095 0.6607142857142857 0.5605442176870747 0.6642857142857143 0.572108843537415 0.6614285714285715 0.5758503401360544 0.6571428571428571 0.5765306122448979 0.6507142857142857 0.5700680272108843 0.6464285714285715 0.5680272108843537 0.6325 0.569047619047619 0.6085714285714285 0.5670068027210884 0.5985714285714285 0.5585034013605442 0.5935714285714285 0.5506802721088435 0.5835714285714285 0.5425170068027211 0.5821428571428572 0.5336734693877551 0.5764285714285714 0.5302721088435374 0.5707142857142857 0.5258503401360544 0.5707142857142857 0.5224489795918367 0.5742857142857143 0.5214285714285714 0.5792857142857143 0.5207482993197279 0.5892857142857143 0.5221088435374149 0.6021428571428571
0 0.5418367346938775 0.4942857142857143 0.5499999999999999 0.515 0.5455782312925169 0.5421428571428571 0.5469387755102041 0.5728571428571428 0.5486394557823129 0.58 0.5496598639455782 0.5821428571428572 0.5517006802721088 0.5807142857142857 0.5520408163265306 0.5714285714285714 0.5551020408163265 0.56 0.5619047619047619 0.56 0.5666666666666667 0.5714285714285714 0.5802721088435374 0.5785714285714286 0.5812925170068027 0.595 0.5850340136054422 0.5978571428571429 0.5894557823129252 0.5771428571428572 0.5782312925170068 0.5635714285714286 0.5724489795918367 0.56 0.5707482993197278 0.5507142857142857 0.5727891156462585 0.515 0.5687074829931973 0.5042857142857143 0.5595238095238095 0.49214285714285716 0.5564625850340136 0.4835714285714286 0.5472789115646258 0.4785714285714286 0.5435374149659864 0.4807142857142857 0.5442176870748299 0.4907142857142857 0.5418367346938775 0.4942857142857143
0 0.5285714285714286 0.4835714285714286 0.532312925170068 0.49642857142857144 0.5285714285714286 0.5114285714285715 0.5244897959183673 0.5385714285714286 0.5214285714285714 0.5464285714285714 0.5221088435374149 0.5485714285714286 0.5261904761904762 0.5457142857142857 0.5299319727891156 0.5328571428571428 0.5397959183673469 0.5435714285714286 0.5394557823129251 0.55 0.5465986394557822 0.555 0.5523809523809523 0.5428571428571428 0.558843537414966 0.54 0.5639455782312924 0.5328571428571428 0.5629251700680272 0.5292857142857142 0.5581632653061224 0.5264285714285715 0.5574829931972789 0.52 0.560204081632653 0.5014285714285714 0.564625850340136 0.49714285714285716 0.5697278911564625 0.48 0.5693877551020408 0.47 0.5670068027210884 0.46285714285714286 0.557142857142857 0.4585714285714286 0.541156462585034 0.4614285714285714 0.5333333333333333 0.455 0.5289115646258503 0.455 0.5255102040816326 0.46214285714285713 0.5258503401360544 0.47928571428571426 0.5285714285714286 0.4835714285714286
0 0.5346938775510204 0.3335714285714286 0.5408163265306122 0.4342857142857143 0.5384353741496598 0.44 0.5476190476190476 0.44 0.5503401360544218 0.43357142857142855 0.5520408163265306 0.40785714285714286 0.5564625850340136 0.37642857142857145 0.5608843537414966 0.37 0.5605442176870747 0.35214285714285715 0.5489795918367346 0.3242857142857143 0.5421768707482992 0.3142857142857143 0.5384353741496598 0.29928571428571427 0.5329931972789115 0.2978571428571429 0.5289115646258503 0.305 0.5289115646258503 0.3171428571428571 0.5346938775510204 0.3335714285714286
0 0.45238095238095233 0.2907142857142857 0.45578231292517 0.29 0.4540816326530612 0.2814285714285714 0.4554421768707483 0.2757142857142857 0.4670068027210884 0.25642857142857145 0.4704081632653061 0.24071428571428571 0.4768707482993197 0.24714285714285714 0.48163265306122444 0.2557142857142857 0.4843537414965986 0.29285714285714287 0.486734693877551 0.295 0.4948979591836734 0.29285714285714287 0.4948979591836734 0.2892857142857143 0.49251700680272104 0.28714285714285714 0.48401360544217686 0.1992857142857143 0.4921768707482993 0.16857142857142857 0.49013605442176866 0.15642857142857142 0.48401360544217686 0.15357142857142858 0.4802721088435374 0.15785714285714286 0.47925170068027206 0.16428571428571428 0.4697278911564626 0.19 0.4632653061224489 0.21642857142857141 0.4636054421768707 0.2307142857142857 0.45986394557823124 0.25285714285714284 0.4496598639455782 0.27214285714285713 0.4476190476190476 0.2857142857142857 0.45238095238095233 0.2907142857142857
0 0.41122448979591836 0.35214285714285715 0.41088435374149657 0.37 0.4081632653061224 0.3871428571428571 0.3972789115646258 0.41214285714285714 0.39489795918367343 0.42142857142857143 0.3979591836734694 0.425 0.3979591836734694 0.42857142857142855 0.4020408163265306 0.42857142857142855 0.4010204081632653 0.4207142857142857 0.4020408163265306 0.4142857142857143 0.4095238095238095 0.3992857142857143 0.41394557823129247 0.3942857142857143 0.4156462585034013 0.38571428571428573 0.4183673469387755 0.3807142857142857 0.42823129251700676 0.39357142857142857 0.4272108843537415 0.3992857142857143 0.42823129251700676 0.43214285714285716 0.43639455782312925 0.43285714285714283 0.4374149659863945 0.43 0.43639455782312925 0.4278571428571429 0.4309523809523809 0.33785714285714286 0.43265306122448977 0.3314285714285714 0.43571428571428567 0.32857142857142857 0.43571428571428567 0.31285714285714283 0.4374149659863945 0.30357142857142855 0.43605442176870746 0.29285714285714287 0.43299319727891156 0.2885714285714286 0.42755102040816323 0.2892857142857143 0.42482993197278907 0.29642857142857143 0.4227891156462585 0.31 0.4193877551020408 0.31642857142857145 0.4193877551020408 0.32071428571428573 0.41122448979591836 0.35214285714285715
0 0.3843537414965986 0.5042857142857143 0.39183673469387753 0.5121428571428571 0.3931972789115646 0.5164285714285715 0.3935374149659864 0.5264285714285715 0.39183673469387753 0.54 0.3935374149659864 0.5492857142857143 0.39217687074829927 0.56 0.3952380952380952 0.5635714285714286 0.4054421768707483 0.5642857142857143 0.40714285714285714 0.56 0.404421768707483 0.5557142857142857 0.419047619047619 0.4692857142857143 0.42517006802721086 0.45571428571428574 0.42517006802721086 0.445 0.42176870748299317 0.43714285714285717 0.4149659863945578 0.4357142857142857 0.4119047619047619 0.44 0.4105442176870748 0.4471428571428571 0.3870748299319728 0.4735714285714286 0.3829931972789115 0.4857142857142857 0.3826530612244898 0.49642857142857144 0.3843537414965986 0.5042857142857143
0 0.4408163265306122 0.5407142857142857 0.43843537414965983 0.545 0.42517006802721086 0.555 0.42448979591836733 0.5614285714285714 0.42959183673469387 0.5742857142857143 0.43571428571428567 0.5757142857142857 0.43571428571428567 0.5714285714285714 0.4540816326530612 0.5321428571428571 0.458843537414966 0.5285714285714286 0.46224489795918366 0.5221428571428571 0.458843537414966 0.5121428571428571 0.458843537414966 0.5028571428571429 0.46734693877551015 0.4807142857142857 0.4738095238095238 0.47 0.4738095238095238 0.4592857142857143 0.46870748299319726 0.4492857142857143 0.46224489795918366 0.4492857142857143 0.45986394557823124 0.45285714285714285 0.4591836734693877 0.4607142857142857 0.44897959183673464 0.4735714285714286 0.43571428571428567 0.49642857142857144 0.43197278911564624 0.5107142857142857 0.432312925170068 0.52 0.4408163265306122 0.5407142857142857
0 0.44591836734693874 0.5671428571428572 0.44931972789115643 0.5728571428571428 0.45238095238095233 0.5721428571428572 0.4564625850340136 0.5664285714285714 0.4605442176870748 0.5671428571428572 0.4632653061224489 0.5792857142857143 0.46870748299319726 0.5657142857142857 0.4727891156462585 0.5635714285714286 0.486734693877551 0.5221428571428571 0.4877551020408163 0.5228571428571429 0.4884353741496598 0.5085714285714286 0.4843537414965986 0.5014285714285714 0.4802721088435374 0.5014285714285714 0.44591836734693874 0.5435714285714286 0.44387755102040816 0.5521428571428572 0.44591836734693874 0.5671428571428572
0 0.4666666666666666 0.6114285714285714 0.4666666666666666 0.6164285714285714 0.46870748299319726 0.6214285714285714 0.47312925170068026 0.6264285714285714 0.47210884353741495 0.6435714285714286 0.4666666666666666 0.6607142857142857 0.4670068027210884 0.6692857142857143 0.48299319727891155 0.6642857142857143 0.48299319727891155 0.6614285714285715 0.49761904761904757 0.6364285714285715 0.5003401360544217 0.6385714285714286 0.5085034013605442 0.6371428571428571 0.5010204081632653 0.6292857142857143 0.495578231292517 0.6007142857142858 0.4952380952380952 0.59 0.5017006802721088 0.565 0.5051020408163265 0.56 0.5010204081632653 0.5421428571428571 0.4942176870748299 0.5407142857142857 0.486734693877551 0.5471428571428572 0.4772108843537415 0.5492857142857143 0.47619047619047616 0.5635714285714286 0.4738095238095238 0.5678571428571428 0.46802721088435373 0.5707142857142857 0.46462585034013604 0.5821428571428572 0.4639455782312925 0.5942857142857143 0.4619047619047619 0.5985714285714285 0.46224489795918366 0.6057142857142858 0.4666666666666666 0.6114285714285714
0 0.4200680272108843 0.69 0.42176870748299317 0.6985714285714286 0.4204081632653061 0.7042857142857143 0.41462585034013605 0.7107142857142857 0.4020408163265306 0.7342857142857143 0.4051020408163265 0.7407142857142857 0.4149659863945578 0.745 0.4122448979591836 0.7371428571428571 0.41428571428571426 0.7271428571428571 0.42176870748299317 0.7214285714285714 0.4299319727891156 0.7085714285714285 0.43605442176870746 0.6928571428571428 0.4418367346938775 0.6857142857142857 0.44999999999999996 0.6678571428571428 0.44931972789115643 0.6635714285714286 0.4510204081632653 0.6471428571428571 0.4496598639455782 0.6435714285714286 0.4482993197278911 0.6264285714285714 0.44999999999999996 0.6228571428571429 0.4496598639455782 0.62 0.4564625850340136 0.6107142857142858 0.45748299319727886 0.6057142857142858 0.45680272108843534 0.5971428571428572 0.44931972789115643 0.5914285714285714 0.4476190476190476 0.595 0.43163265306122445 0.6014285714285714 0.42517006802721086 0.615 0.4238095238095238 0.6221428571428571 0.41428571428571426 0.6335714285714286 0.40986394557823125 0.6514285714285715 0.40986394557823125 0.6621428571428571 0.4200680272108843 0.69
0 0.3965986394557823 0.8257142857142857 0.4054421768707483 0.8292857142857143 0.4054421768707483 0.81 0.42176870748299317 0.7928571428571428 0.42551020408163265 0.785 0.43061224489795913 0.765 0.4343537414965986 0.7635714285714286 0.44251700680272105 0.7707142857142857 0.4482993197278911 0.8207142857142857 0.45238095238095233 0.8242857142857143 0.46088435374149656 0.8242857142857143 0.45986394557823124 0.8185714285714286 0.45442176870748296 0.8107142857142857 0.4540816326530612 0.6992857142857143 0.45986394557823124 0.6935714285714286 0.46088435374149656 0.6857142857142857 0.46020408163265303 0.6764285714285714 0.45748299319727886 0.6707142857142857 0.45238095238095233 0.6685714285714286 0.4486394557823129 0.6714285714285714 0.44625850340136053 0.6757142857142857 0.44387755102040816 0.6871428571428572 0.43809523809523804 0.6914285714285714 0.42755102040816323 0.7157142857142857 0.4231292517006802 0.7214285714285714 0.41870748299319727 0.7335714285714285 0.41734693877551016 0.7435714285714285 0.41734693877551016 0.765 0.41326530612244894 0.7842857142857143 0.40782312925170067 0.79 0.3952380952380952 0.8135714285714286 0.3945578231292517 0.8207142857142857 0.3965986394557823 0.8257142857142857
0 0.2496598639455782 0.6678571428571428 0.2523809523809524 0.6721428571428572 0.2540816326530612 0.6821428571428572 0.25510204081632654 0.6978571428571428 0.25442176870748295 0.7171428571428572 0.2595238095238095 0.7214285714285714 0.2680272108843537 0.7207142857142858 0.2680272108843537 0.715 0.2748299319727891 0.7028571428571428 0.2680272108843537 0.6957142857142857 0.26598639455782314 0.6892857142857143 0.26564625850340134 0.6664285714285715 0.2738095238095238 0.6542857142857142 0.26904761904761904 0.6442857142857142 0.2680272108843537 0.6385714285714286 0.26870748299319724 0.6264285714285714 0.26666666666666666 0.6228571428571429 0.26632653061224487 0.615 0.27278911564625846 0.5957142857142858 0.2724489795918367 0.5792857142857143 0.2755102040816326 0.5692857142857143 0.27721088435374147 0.5535714285714286 0.2758503401360544 0.545 0.267687074829932 0.5421428571428571 0.26326530612244897 0.5471428571428572 0.2598639455782313 0.5707142857142857 0.25476190476190474 0.5878571428571429 0.2496598639455782 0.6164285714285714 0.25102040816326526 0.6457142857142857 0.2496598639455782 0.6678571428571428
0 0.2717687074829932 0.6 0.2673469387755102 0.6135714285714285 0.2670068027210884 0.6221428571428571 0.26870748299319724 0.625 0.2724489795918367 0.6221428571428571 0.282312925170068 0.5892857142857143 0.2863945578231292 0.5885714285714285 0.2897959183673469 0.6014285714285714 0.2931972789115646 0.6242857142857143 0.2931972789115646 0.6478571428571429 0.3071428571428571 0.6507142857142857 0.3074829931972789 0.645 0.30238095238095236 0.64 0.3 0.6335714285714286 0.295578231292517 0.5864285714285714 0.2925170068027211 0.5671428571428572 0.2935374149659864 0.5564285714285714 0.2965986394557823 0.5521428571428572 0.3003401360544217 0.5592857142857143 0.30680272108843537 0.5542857142857143 0.32006802721088434 0.5392857142857143 0.3204081632653061 0.5292857142857142 0.31666666666666665 0.5257142857142857 0.3112244897959183 0.5335714285714286 0.3061224489795918 0.5335714285714286 0.30170068027210883 0.5214285714285715 0.30204081632653057 0.5157142857142857 0.30476190476190473 0.5071428571428571 0.3095238095238095 0.5014285714285714 0.3095238095238095 0.49714285714285716 0.30680272108843537 0.485 0.3037414965986394 0.4807142857142857 0.2996598639455782 0.4807142857142857 0.2962585034013605 0.4835714285714286 0.2925170068027211 0.5 0.2887755102040816 0.505 0.2755102040816326 0.5407142857142857 0.277891156462585 0.5471428571428572 0.2717687074829932 0.6