0 0.8408163265306122 0.8478571428571429 0.8421768707482993 0.8485714285714285 0.8462585034013604 0.845 0.8462585034013604 0.8292857142857143 0.8489795918367347 0.8242857142857143 0.8462585034013604 0.7985714285714286 0.8445578231292517 0.7978571428571428 0.8414965986394557 0.8035714285714286 0.8401360544217686 0.8364285714285714 0.8408163265306122 0.8478571428571429
0 0.8217687074829931 0.6435714285714286 0.8268707482993197 0.6821428571428572 0.8350340136054422 0.7092857142857143 0.8346938775510203 0.7435714285714285 0.8329931972789115 0.765 0.8353741496598639 0.7742857142857142 0.8418367346938775 0.7814285714285715 0.8408163265306122 0.7892857142857143 0.8435374149659863 0.7914285714285715 0.8472789115646258 0.7864285714285715 0.8608843537414965 0.7128571428571429 0.8605442176870748 0.7092857142857143 0.8547619047619047 0.6957142857142857 0.8428571428571427 0.6414285714285715 0.838095238095238 0.6342857142857142 0.8312925170068026 0.6135714285714285 0.8278911564625849 0.6092857142857143 0.8238095238095238 0.6092857142857143 0.8207482993197278 0.6121428571428571 0.8173469387755101 0.6214285714285714 0.8187074829931972 0.64 0.8217687074829931 0.6435714285714286
0 0.7829931972789115 0.48 0.7908163265306122 0.4928571428571429 0.7955782312925169 0.5221428571428571 0.8023809523809523 0.5271428571428571 0.8047619047619047 0.5357142857142857 0.8023809523809523 0.5578571428571428 0.8047619047619047 0.5642857142857143 0.80578231292517 0.6307142857142857 0.8047619047619047 0.6378571428571429 0.8003401360544217 0.6435714285714286 0.8047619047619047 0.6478571428571429 0.80578231292517 0.6535714285714286 0.7986394557823129 0.6657142857142857 0.8003401360544217 0.6685714285714286 0.8095238095238094 0.6678571428571428 0.813265306122449 0.6642857142857143 0.8125850340136054 0.6585714285714286 0.814625850340136 0.6471428571428571 0.813265306122449 0.6357142857142857 0.8187074829931972 0.6057142857142858 0.8173469387755101 0.6021428571428571 0.8170068027210884 0.5925 0.8227891156462585 0.5671428571428572 0.8282312925170068 0.5528571428571428 0.8299319727891156 0.5321428571428571 0.8197278911564625 0.5014285714285714 0.810204081632653 0.4785714285714286 0.8061224489795917 0.4757142857142857 0.8023809523809523 0.46785714285714286 0.8003401360544217 0.45714285714285713 0.7976190476190476 0.4521428571428571 0.7894557823129251 0.4514285714285714 0.7836734693877551 0.4607142857142857 0.7819727891156462 0.4664285714285714 0.7829931972789115 0.48
0 0.7299319727891156 0.3242857142857143 0.7329931972789115 0.32571428571428573 0.7363945578231292 0.33285714285714285 0.7377551020408163 0.34 0.7442176870748298 0.35285714285714287 0.7482993197278911 0.36642857142857144 0.7442176870748298 0.3807142857142857 0.7438775510204081 0.3871428571428571 0.7534013605442176 0.39 0.7585034013605442 0.3964285714285714 0.7653061224489796 0.39285714285714285 0.7755102040816326 0.37 0.7727891156462584 0.35214285714285715 0.741156462585034 0.2914285714285714 0.738095238095238 0.2885714285714286 0.7340136054421769 0.2892857142857143 0.729251700680272 0.29714285714285715 0.7272108843537415 0.30857142857142855 0.7299319727891156 0.3242857142857143
0 0.6510204081632652 0.1992857142857143 0.6527210884353741 0.20714285714285716 0.6540816326530612 0.24285714285714285 0.6530612244897959 0.2814285714285714 0.6506802721088435 0.2957142857142857 0.6431972789115645 0.30857142857142855 0.6482993197278911 0.31214285714285717 0.6561224489795918 0.31 0.6588435374149659 0.30642857142857144 0.6707482993197278 0.32071428571428573 0.6697278911564626 0.32857142857142857 0.677891156462585 0.32785714285714285 0.6816326530612244 0.3242857142857143 0.6816326530612244 0.3171428571428571 0.6795918367346938 0.30857142857142855 0.6758503401360544 0.2664285714285714 0.682312925170068 0.2542857142857143 0.6826530612244898 0.24285714285714285 0.6809523809523809 0.23214285714285715 0.682312925170068 0.21714285714285714 0.6680272108843537 0.17285714285714285 0.6608843537414966 0.16071428571428573 0.6585034013605442 0.14714285714285713 0.6564625850340136 0.14357142857142857 0.6496598639455782 0.14 0.6459183673469387 0.14357142857142857 0.6428571428571428 0.15357142857142858 0.6438775510204081 0.18928571428571428 0.6510204081632652 0.1992857142857143
0 0.7490234375 0.390625 0.7568359375 0.396484375 0.7587890625 0.400390625 0.7587890625 0.408203125 0.76953125 0.42578125 0.779296875 0.451171875 0.783203125 0.455078125 0.7802734375 0.466796875 0.78125 0.48828125 0.76953125 0.51171875 0.7763671875 0.529296875 0.77734375 0.537109375 0.7734375 0.544921875 0.77734375 0.5703125 0.7734375 0.57421875 0.7646484375 0.57421875 0.7685546875 0.5546875 0.7666015625 0.54296875 0.76171875 0.53515625 0.7548828125 0.515625 0.748046875 0.515625 0.7529296875 0.501953125 0.751953125 0.4921875 0.7587890625 0.466796875 0.740234375 0.419921875 0.740234375 0.404296875 0.7421875 0.396484375 0.748046875 0.390625
0 0.5556640625 0.56640625 0.5595703125 0.5703125 0.560546875 0.58203125 0.568359375 0.595703125 0.568359375 0.599609375 0.5869140625 0.634765625 0.58984375 0.6484375 0.58984375 0.662109375 0.5830078125 0.681640625 0.5830078125 0.6875 0.5771484375 0.70703125 0.578125 0.76953125 0.576171875 0.7734375 0.5654296875 0.775390625 0.5615234375 0.7734375 0.560546875 0.76953125 0.568359375 0.7578125 0.5634765625 0.75 0.5634765625 0.74609375 0.5693359375 0.73828125 0.5693359375 0.7265625 0.5673828125 0.72265625 0.5654296875 0.705078125 0.560546875 0.6953125 0.5625 0.693359375 0.5595703125 0.681640625 0.560546875 0.6640625 0.5576171875 0.654296875 0.55859375 0.646484375 0.560546875 0.64453125 0.5576171875 0.640625 0.5576171875 0.634765625 0.548828125 0.603515625 0.548828125 0.595703125 0.5439453125 0.5859375 0.5439453125 0.578125 0.5478515625 0.5703125 0.5546875 0.56640625
0 0.52734375 0.400390625 0.5361328125 0.40625 0.5517578125 0.40625 0.5537109375 0.40234375 0.560546875 0.400390625 0.564453125 0.40234375 0.5712890625 0.4140625 0.57421875 0.42578125 0.57421875 0.435546875 0.5712890625 0.439453125 0.572265625 0.443359375 0.5703125 0.45703125 0.5654296875 0.46875 0.5634765625 0.482421875 0.580078125 0.501953125 0.5849609375 0.50390625 0.587890625 0.509765625 0.5849609375 0.525390625 0.5810546875 0.53125 0.57421875 0.529296875 0.578125 0.521484375 0.578125 0.51171875 0.576171875 0.5078125 0.55078125 0.505859375 0.5498046875 0.50390625 0.552734375 0.5 0.552734375 0.4921875 0.548828125 0.482421875 0.548828125 0.4765625 0.5400390625 0.462890625 0.5361328125 0.466796875 0.53515625 0.4765625 0.529296875 0.5 0.5244140625 0.509765625 0.5234375 0.51953125 0.517578125 0.51953125 0.5224609375 0.4921875 0.5283203125 0.478515625 0.5283203125 0.458984375 0.525390625 0.451171875 0.525390625 0.443359375 0.5166015625 0.427734375 0.515625 0.4140625 0.51953125 0.40234375 0.5263671875 0.400390625
0 0.5126953125 0.23828125 0.5166015625 0.24609375 0.5234375 0.25 0.5400390625 0.24609375 0.548828125 0.248046875 0.5537109375 0.255859375 0.5556640625 0.2734375 0.5537109375 0.287109375 0.546875 0.306640625 0.5400390625 0.3046875 0.533203125 0.318359375 0.5283203125 0.310546875 0.51953125 0.328125 0.517578125 0.32421875 0.521484375 0.296875 0.5185546875 0.291015625 0.5166015625 0.294921875 0.513671875 0.318359375 0.5087890625 0.328125 0.5087890625 0.33984375 0.505859375 0.33984375 0.5087890625 0.328125 0.5068359375 0.318359375 0.5126953125 0.28515625 0.51171875 0.279296875 0.5048828125 0.26953125 0.5029296875 0.25390625 0.5068359375 0.240234375 0.51171875 0.23828125
0 0.5498046875 0.310546875 0.5712890625 0.326171875 0.578125 0.349609375 0.576171875 0.369140625 0.5693359375 0.390625 0.5634765625 0.396484375 0.5537109375 0.3984375 0.5478515625 0.3828125 0.54296875 0.3828125 0.5400390625 0.388671875 0.5380859375 0.40234375 0.5341796875 0.404296875 0.5302734375 0.400390625 0.533203125 0.38671875 0.525390625 0.36328125 0.5263671875 0.349609375 0.5234375 0.345703125 0.5224609375 0.337890625 0.5244140625 0.3359375 0.5244140625 0.328125 0.5263671875 0.32421875 0.533203125 0.32421875 0.5380859375 0.3203125 0.5400390625 0.310546875 0.548828125 0.310546875
0 0.505859375 0.515625 0.515625 0.525390625 0.5205078125 0.521484375 0.5263671875 0.529296875 0.5400390625 0.533203125 0.5498046875 0.544921875 0.5517578125 0.560546875 0.541015625 0.57421875 0.5400390625 0.591796875 0.5419921875 0.59765625 0.541015625 0.609375 0.54296875 0.619140625 0.544921875 0.623046875 0.5498046875 0.623046875 0.5537109375 0.630859375 0.5537109375 0.63671875 0.552734375 0.640625 0.5458984375 0.640625 0.546875 0.638671875 0.544921875 0.634765625 0.537109375 0.626953125 0.5302734375 0.609375 0.5322265625 0.6015625 0.5302734375 0.599609375 0.5283203125 0.580078125 0.5224609375 0.576171875 0.517578125 0.58203125 0.5107421875 0.642578125 0.5078125 0.650390625 0.5029296875 0.65234375 0.498046875 0.650390625 0.5029296875 0.642578125 0.505859375 0.62890625 0.5087890625 0.580078125 0.5048828125 0.572265625 0.5029296875 0.5546875 0.498046875 0.544921875 0.4970703125 0.533203125 0.498046875 0.525390625 0.5048828125 0.515625
0 0.4599609375 0.51953125 0.4619140625 0.537109375 0.4599609375 0.546875 0.453125 0.55859375 0.453125 0.57421875 0.447265625 0.599609375 0.44921875 0.625 0.455078125 0.642578125 0.455078125 0.646484375 0.4482421875 0.65234375 0.4501953125 0.662109375 0.44921875 0.70703125 0.4599609375 0.728515625 0.4462890625 0.728515625 0.4423828125 0.724609375 0.443359375 0.697265625 0.44140625 0.66796875 0.435546875 0.658203125 0.43359375 0.634765625 0.4345703125 0.626953125 0.4326171875 0.623046875 0.4296875 0.62890625 0.4296875 0.646484375 0.4248046875 0.654296875 0.421875 0.669921875 0.41796875 0.673828125 0.4140625 0.66796875 0.4140625 0.662109375 0.4189453125 0.654296875 0.4140625 0.640625 0.4140625 0.630859375 0.4169921875 0.626953125 0.41796875 0.619140625 0.41796875 0.6015625 0.423828125 0.58984375 0.42578125 0.578125 0.4306640625 0.568359375 0.4306640625 0.5625 0.4443359375 0.5390625 0.4462890625 0.525390625 0.451171875 0.517578125 0.458984375 0.51953125
0 0.3720703125 0.560546875 0.375 0.568359375 0.375 0.583984375 0.3681640625 0.6015625 0.37109375 0.61328125 0.3681640625 0.6484375 0.376953125 0.677734375 0.3740234375 0.6875 0.376953125 0.732421875 0.38671875 0.765625 0.375 0.765625 0.37109375 0.759765625 0.3681640625 0.70703125 0.3623046875 0.697265625 0.35546875 0.705078125 0.3525390625 0.720703125 0.3486328125 0.728515625 0.3310546875 0.75 0.3310546875 0.7578125 0.3330078125 0.76171875 0.3310546875 0.767578125 0.3251953125 0.765625 0.3212890625 0.75390625 0.3251953125 0.7421875 0.341796875 0.71484375 0.3427734375 0.7109375 0.3408203125 0.69921875 0.3427734375 0.689453125 0.341796875 0.6796875 0.34375 0.669921875 0.34375 0.65625 0.34765625 0.642578125 0.3525390625 0.603515625 0.359375 0.583984375 0.361328125 0.56640625 0.3671875 0.55859375 0.37109375 0.560546875
0 0.4111328125 0.458984375 0.4189453125 0.46875 0.4140625 0.4765625 0.4150390625 0.482421875 0.4130859375 0.494140625 0.419921875 0.51953125 0.42578125 0.53125 0.42578125 0.5390625 0.421875 0.5390625 0.4189453125 0.546875 0.412109375 0.529296875 0.408203125 0.53125 0.40625 0.5390625 0.408203125 0.548828125 0.40625 0.55859375 0.408203125 0.564453125 0.4072265625 0.57421875 0.4111328125 0.591796875 0.4091796875 0.63671875 0.4130859375 0.6640625 0.412109375 0.666015625 0.4052734375 0.6640625 0.4013671875 0.607421875 0.390625 0.58984375 0.38671875 0.5859375 0.3828125 0.591796875 0.3798828125 0.60546875 0.3759765625 0.609375 0.373046875 0.607421875 0.375 0.603515625 0.3740234375 0.595703125 0.376953125 0.580078125 0.376953125 0.548828125 0.384765625 0.52734375 0.3857421875 0.517578125 0.392578125 0.49609375 0.4033203125 0.482421875 0.4033203125 0.462890625 0.41015625 0.458984375
0 0.39557823129251696 0.41 0.3972789115646258 0.42 0.4010204081632653 0.4228571428571429 0.40782312925170067 0.42642857142857143 0.4159863945578231 0.42214285714285715 0.419047619047619 0.4185714285714286 0.42176870748299317 0.4107142857142857 0.42959183673469387 0.40714285714285714 0.4289115646258503 0.39714285714285713 0.4272108843537415 0.395 0.42414965986394554 0.37714285714285717 0.4258503401360544 0.3742857142857143 0.42755102040816323 0.36357142857142855 0.42551020408163265 0.35285714285714287 0.4289115646258503 0.3464285714285714 0.43197278911564624 0.3507142857142857 0.4340136054421768 0.3485714285714286 0.43639455782312925 0.3342857142857143 0.43197278911564624 0.32857142857142857 0.4204081632653061 0.3342857142857143 0.41088435374149657 0.3535714285714286 0.4010204081632653 0.3657142857142857 0.39183673469387753 0.38642857142857145 0.3904761904761905 0.4014285714285714 0.39557823129251696 0.41
0 0.43911564625850336 0.40785714285714286 0.4595238095238095 0.4207142857142857 0.46020408163265303 0.425 0.4632653061224489 0.42857142857142855 0.4670068027210884 0.42642857142857143 0.47074829931972784 0.42928571428571427 0.4768707482993197 0.4421428571428571 0.4806122448979592 0.4657142857142857 0.48401360544217686 0.4714285714285714 0.48639455782312924 0.4692857142857143 0.48707482993197276 0.4664285714285714 0.4846938775510204 0.4592857142857143 0.4799319727891156 0.4257142857142857 0.4850340136054421 0.4 0.4914965986394558 0.3921428571428571 0.491156462585034 0.37642857142857145 0.4877551020408163 0.37 0.48401360544217686 0.3692857142857143 0.48265306122448975 0.37214285714285716 0.4765306122448979 0.3742857142857143 0.4659863945578231 0.37285714285714283 0.45238095238095233 0.3821428571428571 0.44251700680272105 0.385 0.43809523809523804 0.39285714285714285 0.4377551020408163 0.4014285714285714 0.43911564625850336 0.40785714285714286
0 0.43197278911564624 0.39785714285714285 0.43537414965986393 0.4007142857142857 0.4408163265306122 0.3871428571428571 0.44387755102040816 0.38357142857142856 0.44897959183673464 0.37857142857142856 0.45476190476190476 0.37857142857142856 0.4615646258503401 0.37357142857142855 0.46734693877551015 0.3557142857142857 0.469047619047619 0.3457142857142857 0.46836734693877546 0.33785714285714286 0.4636054421768707 0.3314285714285714 0.4581632653061224 0.3314285714285714 0.4554421768707483 0.3392857142857143 0.44387755102040816 0.345 0.4397959183673469 0.3535714285714286 0.4302721088435374 0.36142857142857143 0.42755102040816323 0.37 0.42857142857142855 0.38785714285714284 0.43197278911564624 0.39785714285714285
0 0.40306122448979587 0.3457142857142857 0.4054421768707483 0.35285714285714287 0.404421768707483 0.3578571428571429 0.4085034013605442 0.35642857142857143 0.42074829931972785 0.34285714285714286 0.42517006802721086 0.345 0.42823129251700676 0.3557142857142857 0.43197278911564624 0.3557142857142857 0.43503401360544214 0.34785714285714286 0.4445578231292517 0.33785714285714286 0.4486394557823129 0.3221428571428571 0.45340136054421765 0.31285714285714283 0.4540816326530612 0.29642857142857143 0.44931972789115643 0.29 0.44387755102040816 0.2892857142857143 0.4170068027210884 0.31285714285714283 0.40986394557823125 0.315 0.4051020408163265 0.32071428571428573 0.4006802721088435 0.33071428571428574 0.4006802721088435 0.3442857142857143 0.40306122448979587 0.3457142857142857
0 0.4010204081632653 0.32142857142857145 0.40986394557823125 0.31 0.4156462585034013 0.30714285714285716 0.4149659863945578 0.30357142857142855 0.4163265306122449 0.3 0.4153061224489796 0.29714285714285715 0.4183673469387755 0.2892857142857143 0.42823129251700676 0.29428571428571426 0.4289115646258503 0.3 0.43945578231292515 0.3 0.44353741496598637 0.2885714285714286 0.4510204081632653 0.2864285714285714 0.4520408163265306 0.2757142857142857 0.44931972789115643 0.2664285714285714 0.44251700680272105 0.2642857142857143 0.43537414965986393 0.275 0.4268707482993197 0.28214285714285714 0.41360544217687073 0.28285714285714286 0.40782312925170067 0.2892857142857143 0.4006802721088435 0.30357142857142855 0.39999999999999997 0.3171428571428571 0.4010204081632653 0.32142857142857145