0 0.8625498007968126 0.4064516129032258 0.8751660026560424 0.42838709677419357 0.8764940239043824 0.45548387096774196 0.8798140770252323 0.4696774193548387 0.8804780876494023 0.4935483870967742 0.8778220451527223 0.5070967741935484 0.8705179282868525 0.5174193548387097 0.8764940239043824 0.5212903225806451 0.8784860557768923 0.5393548387096774 0.8904382470119522 0.5393548387096774 0.8924302788844621 0.535483870967742 0.8911022576361222 0.48451612903225805 0.9043824701195219 0.42451612903225805 0.8698539176626825 0.3535483870967742 0.8625498007968126 0.35096774193548386 0.8545816733067728 0.36258064516129035 0.8552456839309428 0.3832258064516129 0.8625498007968126 0.4064516129032258
0 0.5677290836653386 0.17419354838709677 0.5743691899070384 0.16129032258064516 0.5803452855245683 0.1736774193548387 0.5810092961487383 0.2064516129032258 0.596945551128818 0.21161290322580645 0.598273572377158 0.1896774193548387 0.595617529880478 0.1870967741935484 0.594953519256308 0.1703225806451613 0.5996015936254979 0.14967741935483872 0.596945551128818 0.11741935483870967 0.5856573705179282 0.10451612903225807 0.5883134130146082 0.09161290322580645 0.5849933598937582 0.08387096774193549 0.5776892430278884 0.08774193548387096 0.5743691899070384 0.1406451612903226 0.5677290836653386 0.17419354838709677
0 0.5571049136786188 0.3174193548387097 0.5816733067729083 0.3393548387096774 0.5863213811420982 0.3561290322580645 0.594289508632138 0.3561290322580645 0.6062416998671978 0.3432258064516129 0.6075697211155378 0.32645161290322583 0.5989375830013279 0.3096774193548387 0.5856573705179282 0.3096774193548387 0.5743691899070384 0.2954838709677419 0.5677290836653386 0.29806451612903223 0.5617529880478087 0.28774193548387095 0.5531208499335989 0.2954838709677419 0.5524568393094289 0.3058064516129032 0.5571049136786188 0.3174193548387097
0 0.5391766268260292 0.3470967741935484 0.5398406374501992 0.3561290322580645 0.5418326693227091 0.34580645161290324 0.548472775564409 0.3406451612903226 0.5551128818061088 0.3496774193548387 0.5644090305444887 0.34838709677419355 0.5776892430278884 0.3574193548387097 0.5843293492695882 0.3548387096774194 0.5830013280212483 0.3432258064516129 0.5743691899070384 0.33161290322580644 0.5444887118193891 0.3174193548387097 0.5398406374501992 0.3096774193548387 0.5325365205843293 0.3135483870967742 0.5305444887118194 0.3329032258064516 0.5391766268260292 0.3470967741935484
0 0.5597609561752988 0.3793548387096774 0.5637450199203187 0.3909677419354839 0.5690571049136786 0.38451612903225807 0.5750332005312084 0.38451612903225807 0.5843293492695882 0.3987096774193548 0.5896414342629481 0.4 0.6022576361221779 0.3832258064516129 0.598273572377158 0.3690322580645161 0.5883134130146082 0.35870967741935483 0.5604249667994687 0.3496774193548387 0.5511288180610889 0.35870967741935483 0.550464807436919 0.37290322580645163 0.5597609561752988 0.3793548387096774
0 0.5086321381142098 0.447741935483871 0.5278884462151394 0.4632258064516129 0.5272244355909694 0.4774193548387097 0.5239043824701195 0.4864516129032258 0.5146082337317397 0.4967741935483871 0.5146082337317397 0.5045161290322581 0.5179282868525896 0.5070967741935484 0.5371845949535192 0.48 0.548472775564409 0.47483870967741937 0.5444887118193891 0.4593548387096774 0.545816733067729 0.44387096774193546 0.5524568393094289 0.44129032258064516 0.5524568393094289 0.4464516129032258 0.5551128818061088 0.4464516129032258 0.5630810092961487 0.44129032258064516 0.5610889774236387 0.4258064516129032 0.5557768924302788 0.42193548387096774 0.5265604249667994 0.4232258064516129 0.5159362549800797 0.41419354838709677 0.5079681274900398 0.42193548387096774 0.5066401062416999 0.43870967741935485 0.5086321381142098 0.447741935483871
0 0.5398406374501992 0.4129032258064516 0.5451527224435591 0.4103225806451613 0.547808764940239 0.4180645161290323 0.5571049136786188 0.4232258064516129 0.5637450199203187 0.4180645161290323 0.5617529880478087 0.40258064516129033 0.5670650730411686 0.38451612903225807 0.5644090305444887 0.37806451612903225 0.5517928286852589 0.37548387096774194 0.5438247011952191 0.3638709677419355 0.5391766268260292 0.3638709677419355 0.5345285524568393 0.37548387096774194 0.5345285524568393 0.3909677419354839 0.5398406374501992 0.4129032258064516
0 0.5405046480743692 0.5251612903225806 0.5371845949535192 0.5367741935483871 0.5305444887118194 0.5432258064516129 0.5325365205843293 0.5470967741935484 0.545816733067729 0.5406451612903226 0.547144754316069 0.5316129032258065 0.5531208499335989 0.5212903225806451 0.546480743691899 0.4941935483870968 0.5431606905710491 0.48774193548387096 0.5398406374501992 0.49032258064516127 0.5385126162018592 0.5109677419354839 0.5405046480743692 0.5251612903225806
0 0.5796812749003983 0.4529032258064516 0.6055776892430278 0.47096774193548385 0.6155378486055777 0.45161290322580644 0.6148738379814077 0.43870967741935485 0.6022576361221779 0.4154838709677419 0.5796812749003983 0.39741935483870966 0.5750332005312084 0.3858064516129032 0.5670650730411686 0.38838709677419353 0.5637450199203187 0.4 0.5796812749003983 0.4529032258064516
0 0.5551128818061088 0.48 0.5624169986719787 0.49032258064516127 0.5664010624169986 0.5070967741935484 0.5637450199203187 0.6012903225806452 0.5617529880478087 0.607741935483871 0.5810092961487383 0.6051612903225806 0.6022576361221779 0.6270967741935484 0.6075697211155378 0.6258064516129033 0.6155378486055777 0.6116129032258064 0.6175298804780877 0.6012903225806452 0.6075697211155378 0.5922580645161291 0.595617529880478 0.5716129032258065 0.6062416998671978 0.5393548387096774 0.6069057104913678 0.512258064516129 0.598273572377158 0.4890322580645161 0.5883134130146082 0.4735483870967742 0.5883134130146082 0.4632258064516129 0.5816733067729083 0.4619354838709677 0.5677290836653386 0.447741935483871 0.5630810092961487 0.447741935483871 0.5557768924302788 0.4593548387096774 0.5537848605577689 0.46580645161290324 0.5551128818061088 0.48
0 0.5883134130146082 0.7109677419354838 0.593625498007968 0.7561290322580645 0.5883134130146082 0.7819354838709678 0.5869853917662682 0.8619354838709677 0.5763612217795484 0.8761290322580645 0.5922974767596281 0.8761290322580645 0.596945551128818 0.8167741935483871 0.6022576361221779 0.8038709677419354 0.6115537848605577 0.8038709677419354 0.6195219123505976 0.824516129032258 0.6394422310756972 0.8593548387096774 0.6387782204515272 0.8825806451612903 0.6440903054448871 0.8838709677419355 0.650730411686587 0.8658064516129033 0.6261620185922975 0.8025806451612904 0.6221779548472776 0.7832258064516129 0.6215139442231076 0.7612903225806451 0.6062416998671978 0.7006451612903226 0.5916334661354581 0.6645161290322581 0.5830013280212483 0.6683870967741935 0.5803452855245683 0.68 0.5816733067729083 0.6954838709677419 0.5883134130146082 0.7109677419354838
0 0.4687915006640106 0.8541935483870968 0.4594953519256308 0.9161290322580645 0.4628154050464807 0.9212903225806451 0.47609561752988044 0.9212903225806451 0.4734395750332005 0.912258064516129 0.48605577689243024 0.8774193548387097 0.48539176626826025 0.8438709677419355 0.48140770252324033 0.832258064516129 0.4820717131474103 0.8129032258064516 0.5039840637450199 0.76 0.5033200531208499 0.7470967741935484 0.49867197875165997 0.7367741935483871 0.4920318725099601 0.7354838709677419 0.48605577689243024 0.7445161290322581 0.4833997343957503 0.7561290322580645 0.46613545816733065 0.7716129032258064 0.448207171314741 0.7974193548387096 0.450199203187251 0.8270967741935484 0.4687915006640106 0.8541935483870968
0 0.45285524568393093 0.655483870967742 0.42629482071713143 0.6812903225806451 0.42496679946879146 0.6864516129032258 0.4316069057104913 0.704516129032258 0.43559096945551123 0.7019354838709677 0.43559096945551123 0.6916129032258065 0.44023904382470114 0.6825806451612904 0.4581673306772908 0.6709677419354839 0.46148738379814075 0.6890322580645162 0.4594953519256308 0.6967741935483871 0.46613545816733065 0.7058064516129032 0.4734395750332005 0.7058064516129032 0.47011952191235057 0.687741935483871 0.48074369189907035 0.6670967741935484 0.4840637450199203 0.6503225806451612 0.4880478087649402 0.6464516129032258 0.49535192563081004 0.6541935483870968 0.50132802124834 0.6916129032258065 0.5086321381142098 0.6929032258064516 0.5046480743691899 0.6812903225806451 0.49867197875165997 0.6348387096774194 0.49999999999999994 0.6025806451612903 0.49734395750332 0.5883870967741935 0.50132802124834 0.5819354838709677 0.50132802124834 0.5716129032258065 0.49800796812749 0.5638709677419355 0.4887118193891102 0.5625806451612904 0.48140770252324033 0.5780645161290323 0.4601593625498008 0.5870967741935483 0.449535192563081 0.6051612903225806 0.448871181938911 0.6245161290322581 0.45285524568393093 0.655483870967742
0 0.4335989375830013 0.4993548387096774 0.43559096945551123 0.5070967741935484 0.43559096945551123 0.5174193548387097 0.4143426294820717 0.5393548387096774 0.4282868525896414 0.5741935483870968 0.43957503320053115 0.5780645161290323 0.4375830013280212 0.5638709677419355 0.4594953519256308 0.5329032258064517 0.4588313413014608 0.5187096774193548 0.4674634794156706 0.512258064516129 0.4741035856573705 0.56 0.47675962815405043 0.5664516129032258 0.4787516600265604 0.5638709677419355 0.48074369189907035 0.5509677419354839 0.47675962815405043 0.5380645161290323 0.47543160690571046 0.5006451612903225 0.48140770252324033 0.49032258064516127 0.48074369189907035 0.48 0.4887118193891102 0.4632258064516129 0.48472775564409026 0.44516129032258067 0.4734395750332005 0.44387096774193546 0.47078353253652055 0.4541935483870968 0.46098937583001326 0.4593548387096774 0.4375830013280212 0.45806451612903226 0.42563081009296144 0.47483870967741937 0.41633466135458164 0.4774193548387097 0.4183266932270916 0.49032258064516127 0.4335989375830013 0.4993548387096774
0 0.4555112881806109 0.4567741935483871 0.46679946879150064 0.4425806451612903 0.4787516600265604 0.44 0.4833997343957503 0.4232258064516129 0.4920318725099601 0.4103225806451613 0.49667994687915 0.39225806451612905 0.49402390438247007 0.3793548387096774 0.48605577689243024 0.3741935483870968 0.46215139442231074 0.3870967741935484 0.4442231075697211 0.3858064516129032 0.4375830013280212 0.4 0.4409030544488711 0.45161290322580644 0.4555112881806109 0.4567741935483871
0 0.4362549800796812 0.37032258064516127 0.41102257636122175 0.3935483870967742 0.4189907038512616 0.4103225806451613 0.42430278884462147 0.4103225806451613 0.4223107569721115 0.4038709677419355 0.42430278884462147 0.39483870967741935 0.44754316069057104 0.3793548387096774 0.46215139442231074 0.38451612903225807 0.47078353253652055 0.38193548387096776 0.4648074369189907 0.3535483870967742 0.4674634794156706 0.3419354838709677 0.48074369189907035 0.32387096774193547 0.48074369189907035 0.3096774193548387 0.47675962815405043 0.30193548387096775 0.47078353253652055 0.3006451612903226 0.46679946879150064 0.3096774193548387 0.43891102257636117 0.30451612903225805 0.42629482071713143 0.3161290322580645 0.42563081009296144 0.3367741935483871 0.4362549800796812 0.37032258064516127
0 0.42496679946879146 0.20258064516129032 0.4169986719787516 0.2270967741935484 0.41633466135458164 0.24129032258064517 0.4183266932270916 0.24774193548387097 0.43957503320053115 0.25161290322580643 0.4375830013280212 0.24645161290322581 0.4415670650730411 0.20129032258064516 0.44621513944223107 0.18193548387096775 0.4415670650730411 0.14709677419354839 0.450199203187251 0.12258064516129032 0.45219123505976094 0.10967741935483871 0.450199203187251 0.09161290322580645 0.44687915006640105 0.08774193548387096 0.43957503320053115 0.09161290322580645 0.4375830013280212 0.10580645161290322 0.4176626826029216 0.1406451612903226 0.41633466135458164 0.14967741935483872 0.41567065073041165 0.18838709677419355 0.42496679946879146 0.20258064516129032
0 0.30677290836653387 0.3767741935483871 0.31673306772908366 0.3909677419354839 0.31673306772908366 0.4064516129032258 0.3114209827357238 0.432258064516129 0.32138114209827356 0.43870967741935485 0.32204515272244355 0.432258064516129 0.3300132802124834 0.4258064516129032 0.3346613545816733 0.45548387096774196 0.349269588313413 0.4567741935483871 0.349269588313413 0.44903225806451613 0.3386454183266932 0.4335483870967742 0.3353253652058433 0.41161290322580646 0.3353253652058433 0.3858064516129032 0.3379814077025232 0.3767741935483871 0.33134130146082336 0.36129032258064514 0.34063745019920316 0.32645161290322583 0.349269588313413 0.31483870967741934 0.348605577689243 0.2954838709677419 0.3426294820717131 0.2864516129032258 0.3339973439575033 0.28903225806451616 0.3293492695883134 0.3058064516129032 0.31739707835325365 0.31870967741935485 0.30677290836653387 0.3445161290322581 0.3034528552456839 0.3561290322580645 0.30677290836653387 0.3767741935483871
0 0.2602921646746348 0.4774193548387097 0.25763612217795484 0.49806451612903224 0.26162018592297476 0.49806451612903224 0.2735723771580345 0.472258064516129 0.27158034528552455 0.44387096774193546 0.2742363877822045 0.4335483870967742 0.2782204515272244 0.4309677419354839 0.28685258964143423 0.40774193548387094 0.29482071713147406 0.3961290322580645 0.296812749003984 0.37806451612903225 0.29017264276228416 0.36516129032258066 0.2835325365205843 0.36516129032258066 0.2775564409030544 0.38193548387096776 0.24568393094289506 0.42193548387096774 0.24501992031872508 0.44129032258064516 0.2602921646746348 0.4774193548387097
0 0.2642762284196547 0.5664516129032258 0.2649402390438247 0.5716129032258065 0.2549800796812749 0.6283870967741936 0.27091633466135456 0.632258064516129 0.2729083665338645 0.6296774193548387 0.26693227091633465 0.6206451612903225 0.26693227091633465 0.6090322580645161 0.2788844621513944 0.6025806451612903 0.2875166002656042 0.4941935483870968 0.296812749003984 0.48129032258064514 0.29614873837981404 0.46064516129032257 0.29017264276228416 0.4529032258064516 0.28154050464807434 0.45548387096774196 0.2556440903054449 0.5058064516129033 0.24767596281540502 0.5109677419354839 0.24568393094289506 0.5187096774193548 0.24966799468791498 0.56 0.2642762284196547 0.5664516129032258
0 0.17197875166002655 0.2929032258064516 0.1839309428950863 0.30709677419354836 0.18725099601593626 0.32387096774193547 0.1746347941567065 0.3664516129032258 0.18193891102257634 0.37548387096774194 0.1952191235059761 0.37290322580645163 0.19588313413014607 0.38193548387096776 0.20982735723771578 0.3858064516129032 0.20185922974767595 0.36258064516129035 0.2084993359893758 0.3161290322580645 0.20584329349269587 0.2787096774193548 0.20185922974767595 0.2735483870967742 0.20053120849933598 0.2593548387096774 0.20650730411686585 0.23870967741935484 0.20783532536520583 0.2129032258064516 0.21181938911022574 0.20258064516129032 0.20982735723771578 0.19225806451612903 0.2038512616201859 0.1858064516129032 0.19588313413014607 0.18838709677419355 0.19123505976095617 0.21161290322580645 0.18525896414342627 0.22193548387096773 0.1786188579017264 0.26838709677419353 0.17197875166002655 0.2929032258064516