0 0.9510703363914372 0.5393103448275862 0.9522935779816513 0.5586206896551724 0.9584097859327216 0.5724137931034482 0.964525993883792 0.7006896551724138 0.9577981651376146 0.7089655172413792 0.9633027522935779 0.7158620689655172 0.963914373088685 0.7310344827586206 0.9798165137614678 0.7268965517241379 0.9810397553516819 0.7144827586206896 0.9767584097859326 0.696551724137931 0.9779816513761467 0.6468965517241378 0.982262996941896 0.6275862068965516 0.9914373088685015 0.6179310344827585 0.9908256880733944 0.5917241379310344 0.9596330275229357 0.5089655172413793 0.9516819571865442 0.5075862068965517 0.946788990825688 0.5144827586206896 0.945565749235474 0.5282758620689655 0.9510703363914372 0.5393103448275862
0 0.908256880733945 0.16413793103448274 0.910091743119266 0.18344827586206894 0.908256880733945 0.3158620689655172 0.9033639143730886 0.3255172413793103 0.9119266055045872 0.3268965517241379 0.9211009174311926 0.3172413793103448 0.9321100917431192 0.31448275862068964 0.92782874617737 0.25103448275862067 0.9345565749235474 0.24137931034482757 0.9345565749235474 0.2303448275862069 0.929663608562691 0.18482758620689654 0.9204892966360856 0.15034482758620688 0.9186544342507644 0.12827586206896552 0.9143730886850152 0.12137931034482757 0.908868501529052 0.12137931034482757 0.9039755351681956 0.12827586206896552 0.9027522935779816 0.1462068965517241 0.908256880733945 0.16413793103448274
0 0.618960244648318 0.30482758620689654 0.6293577981651376 0.3406896551724138 0.6281345565749235 0.35172413793103446 0.6165137614678898 0.3793103448275862 0.618960244648318 0.3834482758620689 0.6244648318042814 0.38068965517241377 0.6330275229357798 0.41379310344827586 0.6281345565749235 0.4455172413793103 0.6403669724770642 0.4455172413793103 0.6422018348623852 0.43448275862068964 0.6397553516819572 0.41517241379310343 0.6501529051987767 0.40965517241379307 0.6428134556574923 0.38068965517241377 0.6434250764525994 0.3751724137931034 0.6532110091743119 0.3544827586206896 0.6538226299694189 0.3448275862068965 0.6269113149847094 0.27034482758620687 0.618960244648318 0.2689655172413793 0.6152905198776758 0.27586206896551724 0.6134556574923548 0.296551724137931 0.618960244648318 0.30482758620689654
0 0.5804281345565749 0.3986206896551724 0.5859327217125382 0.4220689655172413 0.5926605504587156 0.5641379310344827 0.5957186544342508 0.569655172413793 0.6048929663608562 0.5655172413793103 0.6073394495412844 0.5613793103448276 0.6055045871559632 0.5475862068965517 0.6067278287461774 0.49103448275862066 0.6140672782874618 0.4606896551724138 0.6140672782874618 0.4413793103448276 0.6091743119266054 0.4179310344827586 0.5877675840978593 0.3641379310344827 0.5804281345565749 0.36 0.5743119266055046 0.3682758620689655 0.5743119266055046 0.38620689655172413 0.5804281345565749 0.3986206896551724
0 0.5223241590214067 0.1586206896551724 0.5308868501529052 0.2179310344827586 0.5296636085626911 0.27586206896551724 0.5253822629969419 0.2924137931034482 0.5198776758409785 0.29931034482758617 0.5223241590214067 0.30482758620689654 0.52782874617737 0.30482758620689654 0.5321100917431192 0.3020689655172414 0.5345565749235474 0.2924137931034482 0.5480122324159021 0.29379310344827586 0.5492354740061162 0.28551724137931034 0.5400611620795107 0.24413793103448275 0.545565749235474 0.2179310344827586 0.5498470948012232 0.22620689655172413 0.5516819571865443 0.22344827586206895 0.5486238532110091 0.19999999999999998 0.5370030581039755 0.1489655172413793 0.52782874617737 0.12413793103448274 0.5223241590214067 0.12413793103448274 0.5186544342507645 0.13379310344827586 0.5186544342507645 0.15034482758620688 0.5223241590214067 0.1586206896551724
0 0.510091743119266 0.2206896551724138 0.5113149847094801 0.22620689655172413 0.5223241590214067 0.22206896551724137 0.5241590214067278 0.20689655172413793 0.5211009174311926 0.15724137931034482 0.5186544342507645 0.15172413793103448 0.5149847094801223 0.15586206896551724 0.5155963302752293 0.20413793103448274 0.510091743119266 0.2206896551724138
0 0.5070336391437309 0.08137931034482758 0.510091743119266 0.08413793103448275 0.5186544342507645 0.11310344827586206 0.5186544342507645 0.1296551724137931 0.5266055045871559 0.12137931034482757 0.5321100917431192 0.13517241379310344 0.5363914373088685 0.13241379310344825 0.5363914373088685 0.1186206896551724 0.5296636085626911 0.08689655172413792 0.5137614678899082 0.044137931034482755 0.5051987767584097 0.044137931034482755 0.5021406727828746 0.05793103448275862 0.5039755351681957 0.09103448275862068 0.5070336391437309 0.08137931034482758
0 0.4428134556574923 0.2868965517241379 0.4519877675840978 0.31034482758620685 0.4721712538226299 0.3379310344827586 0.473394495412844 0.35172413793103446 0.4801223241590214 0.36275862068965514 0.48899082568807334 0.36275862068965514 0.49602446483180423 0.37241379310344824 0.4948012232415902 0.38068965517241377 0.4966360856269113 0.3834482758620689 0.5015290519877675 0.3793103448275862 0.5051987767584097 0.36 0.5021406727828746 0.3544827586206896 0.4892966360856269 0.3503448275862069 0.48685015290519873 0.3393103448275862 0.4948012232415902 0.3075862068965517 0.4948012232415902 0.29379310344827586 0.491131498470948 0.2827586206896551 0.4709480122324159 0.27172413793103445 0.46131498470948007 0.27172413793103445 0.4501529051987767 0.26206896551724135 0.4458715596330275 0.2648275862068965 0.4422018348623853 0.273103448275862 0.4428134556574923 0.2868965517241379
0 0.43608562691131497 0.39172413793103444 0.4403669724770642 0.4041379310344827 0.4568807339449541 0.416551724137931 0.4654434250764526 0.43034482758620685 0.4844036697247706 0.44275862068965516 0.4899082568807339 0.45931034482758615 0.4948012232415902 0.4510344827586207 0.4874617737003058 0.43310344827586206 0.4758409785932721 0.41931034482758617 0.4782874617737003 0.3655172413793103 0.4715596330275229 0.3503448275862069 0.4605504587155963 0.3475862068965517 0.4403669724770642 0.3572413793103448 0.4311926605504587 0.35172413793103446 0.42507645259938837 0.36137931034482756 0.4256880733944954 0.3793103448275862 0.43608562691131497 0.39172413793103444
0 0.4201834862385321 0.43310344827586206 0.4201834862385321 0.44275862068965516 0.4244648318042813 0.4551724137931034 0.4165137614678899 0.5020689655172413 0.4226299694189602 0.4979310344827586 0.4593272171253822 0.5351724137931034 0.4599388379204893 0.5406896551724137 0.473394495412844 0.5351724137931034 0.473394495412844 0.5213793103448275 0.4587155963302752 0.49655172413793097 0.4605504587155963 0.47310344827586204 0.4666666666666666 0.44965517241379305 0.4660550458715596 0.43034482758620685 0.4636085626911315 0.42482758620689653 0.43608562691131497 0.4027586206896551 0.4201834862385321 0.39999999999999997 0.4146788990825688 0.4124137931034482 0.4146788990825688 0.42482758620689653 0.4201834862385321 0.43310344827586206
0 0.37798165137614675 0.5324137931034483 0.38899082568807336 0.5406896551724137 0.39633027522935776 0.5586206896551724 0.39266055045871556 0.5903448275862069 0.38776758409785933 0.6055172413793103 0.38899082568807336 0.6110344827586206 0.3932721712538226 0.6055172413793103 0.39816513761467887 0.5862068965517241 0.40305810397553515 0.5862068965517241 0.41223241590214066 0.616551724137931 0.4079510703363914 0.6399999999999999 0.4152905198776758 0.6372413793103447 0.42140672782874616 0.6275862068965516 0.42140672782874616 0.6193103448275862 0.4110091743119266 0.5862068965517241 0.4110091743119266 0.5806896551724138 0.4165137614678899 0.5806896551724138 0.42140672782874616 0.5903448275862069 0.4409785932721712 0.5986206896551723 0.4440366972477064 0.6151724137931034 0.4470948012232416 0.6151724137931034 0.4495412844036697 0.5917241379310344 0.4318042813455657 0.5793103448275861 0.4275229357798165 0.5641379310344827 0.4299694189602446 0.5255172413793103 0.4256880733944954 0.5131034482758621 0.4165137614678899 0.5075862068965517 0.37920489296636084 0.5048275862068965 0.37614678899082565 0.5117241379310344 0.37798165137614675 0.5324137931034483
0 0.34495412844036694 0.7875862068965517 0.35229357798165134 0.9213793103448276 0.3492354740061162 0.9282758620689654 0.3657492354740061 0.9310344827586207 0.37064220183486235 0.8924137931034483 0.36636085626911313 0.873103448275862 0.36513761467889905 0.8510344827586206 0.3804281345565749 0.8137931034482758 0.38348623853211006 0.7999999999999999 0.38287461773700304 0.7903448275862068 0.3767584097859327 0.7751724137931034 0.35045871559633024 0.7393103448275862 0.3425076452599388 0.7172413793103448 0.3345565749235474 0.7172413793103448 0.3296636085626911 0.7324137931034482 0.3308868501529052 0.7531034482758621 0.34495412844036694 0.7875862068965517
0 0.20795107033639143 0.8068965517241379 0.2110091743119266 0.8151724137931033 0.20244648318042813 0.8606896551724137 0.18165137614678897 0.8979310344827586 0.18226299694189602 0.9075862068965517 0.18776758409785932 0.9213793103448276 0.19266055045871558 0.9199999999999999 0.19082568807339448 0.9006896551724137 0.21345565749235473 0.8662068965517241 0.21712538226299694 0.8455172413793103 0.22079510703363914 0.84 0.23180428134556574 0.8455172413793103 0.23425076452599386 0.8524137931034482 0.24097859327217125 0.9103448275862068 0.2477064220183486 0.9186206896551723 0.2532110091743119 0.9172413793103448 0.24464831804281345 0.8855172413793103 0.2422018348623853 0.8289655172413792 0.2385321100917431 0.8193103448275861 0.236697247706422 0.7972413793103448 0.23792048929663606 0.7655172413793103 0.2440366972477064 0.7475862068965516 0.2440366972477064 0.7351724137931034 0.2495412844036697 0.7227586206896551 0.24831804281345565 0.7034482758620689 0.2422018348623853 0.696551724137931 0.23425076452599386 0.7020689655172413 0.2311926605504587 0.7213793103448275 0.2201834862385321 0.743448275862069 0.2091743119266055 0.793103448275862 0.20795107033639143 0.8068965517241379
0 0.11437308868501528 0.46758620689655167 0.12660550458715594 0.4744827586206896 0.12966360856269113 0.4662068965517241 0.16452599388379205 0.4662068965517241 0.16513761467889906 0.46206896551724136 0.15963302752293576 0.4551724137931034 0.1565749235474006 0.3641379310344827 0.16085626911314985 0.35172413793103446 0.16085626911314985 0.3089655172413793 0.1675840978593272 0.2882758620689655 0.16452599388379205 0.27172413793103445 0.1584097859327217 0.2648275862068965 0.15045871559633026 0.27034482758620687 0.12538226299694188 0.35310344827586204 0.12599388379204893 0.40965517241379307 0.11437308868501528 0.46758620689655167
0 0.15351681957186544 0.3779310344827586 0.1565749235474006 0.39999999999999997 0.1547400611620795 0.42068965517241375 0.16636085626911315 0.42344827586206896 0.17186544342507645 0.4068965517241379 0.17614678899082567 0.4041379310344827 0.1675840978593272 0.38620689655172413 0.16636085626911315 0.36137931034482756 0.16880733944954127 0.30482758620689654 0.17859327217125381 0.2551724137931034 0.17859327217125381 0.2372413793103448 0.1712538226299694 0.22620689655172413 0.16452599388379205 0.22896551724137928 0.16085626911314985 0.2551724137931034 0.15718654434250764 0.2634482758620689 0.1602446483180428 0.27034482758620687 0.15351681957186544 0.3779310344827586
0 0.291131498470948 0.5489655172413793 0.2801223241590214 0.5682758620689655 0.27951070336391437 0.576551724137931 0.2929663608562691 0.5875862068965517 0.2948012232415902 0.5834482758620689 0.291743119266055 0.5668965517241379 0.3045871559633027 0.546206896551724 0.3125382262996942 0.553103448275862 0.3137614678899082 0.5613793103448276 0.3241590214067278 0.5641379310344827 0.3290519877675841 0.5599999999999999 0.3211009174311926 0.5489655172413793 0.3204892966360856 0.529655172413793 0.3229357798165137 0.49655172413793097 0.328440366972477 0.4937931034482758 0.33211009174311923 0.47310344827586204 0.3333333333333333 0.43862068965517237 0.3314984709480122 0.43034482758620685 0.3235474006116208 0.4275862068965517 0.2954128440366972 0.4468965517241379 0.2886850152905199 0.4551724137931034 0.2837920489296636 0.48 0.2978593272171254 0.5227586206896552 0.291131498470948 0.5489655172413793
0 0.353515625 0.400390625 0.3544921875 0.423828125 0.3447265625 0.4375 0.3427734375 0.451171875 0.34765625 0.517578125 0.3466796875 0.533203125 0.3427734375 0.537109375 0.3388671875 0.53515625 0.3359375 0.525390625 0.33203125 0.46484375 0.333984375 0.427734375 0.3291015625 0.42578125 0.31640625 0.431640625 0.310546875 0.44140625 0.30859375 0.44921875 0.3056640625 0.451171875 0.2998046875 0.4453125 0.2998046875 0.427734375 0.30859375 0.41015625 0.3154296875 0.404296875 0.3369140625 0.3984375 0.3525390625 0.400390625
0 0.35963302752293574 0.4786206896551724 0.36085626911314983 0.47172413793103446 0.3665645259938837 0.4662068965517241 0.3767584097859327 0.46758620689655167 0.37798165137614675 0.46344827586206894 0.36636085626911313 0.4510344827586207 0.35902140672782873 0.45793103448275857 0.3565749235474006 0.46896551724137925 0.35596330275229354 0.4786206896551724 0.35963302752293574 0.4786206896551724
0 0.3480122324159021 0.4082758620689655 0.3565749235474006 0.43999999999999995 0.36513761467889905 0.43999999999999995 0.3694189602446483 0.44827586206896547 0.37186544342507644 0.4372413793103448 0.3785932721712538 0.4317241379310344 0.38960244648318043 0.47172413793103446 0.39816513761467887 0.47172413793103446 0.3987767584097859 0.46344827586206894 0.39082568807339446 0.45241379310344826 0.38348623853211006 0.4179310344827586 0.39021406727828745 0.39172413793103444 0.39449541284403666 0.3875862068965517 0.3932721712538226 0.3586206896551724 0.38715596330275226 0.3558620689655172 0.37920489296636084 0.36137931034482756 0.37614678899082565 0.3503448275862069 0.3694189602446483 0.3489655172413793 0.35749235474006114 0.37241379310344824 0.3443425076452599 0.3848275862068965 0.3406727828746177 0.40137931034482754 0.3480122324159021 0.4082758620689655
0 0.36328125 0.326171875 0.373046875 0.3359375 0.373046875 0.3515625 0.361328125 0.361328125 0.3564453125 0.375 0.345703125 0.373046875 0.341796875 0.36328125 0.33984375 0.369140625 0.34375 0.376953125 0.34375 0.388671875 0.337890625 0.396484375 0.3310546875 0.388671875 0.328125 0.375 0.3271484375 0.357421875 0.3291015625 0.349609375 0.3408203125 0.330078125 0.35546875 0.322265625 0.3623046875 0.326171875
0 0.3363914373088685 0.3834482758620689 0.3418960244648318 0.3834482758620689 0.3480122324159021 0.3696551724137931 0.3425076452599388 0.3586206896551724 0.3345565749235474 0.36275862068965514 0.3327217125382263 0.37655172413793103 0.3363914373088685 0.3834482758620689
0 0.3382262996941896 0.3393103448275862 0.3400611620795107 0.3310344827586207 0.346177370030581 0.3255172413793103 0.3602446483180428 0.3213793103448276 0.3620795107033639 0.3255172413793103 0.36269113149847093 0.29931034482758617 0.37614678899082565 0.26206896551724135 0.3730886850152905 0.24275862068965515 0.3657492354740061 0.23862068965517239 0.3602446483180428 0.24413793103448275 0.35596330275229354 0.2593103448275862 0.34495412844036694 0.27448275862068966 0.3308868501529052 0.3062068965517241 0.33027522935779813 0.3158620689655172 0.3382262996941896 0.3393103448275862
0 0.2850152905198777 0.2868965517241379 0.2984709480122324 0.3117241379310345 0.2899082568807339 0.3448275862068965 0.2892966360856269 0.3586206896551724 0.3021406727828746 0.36275862068965514 0.3030581039755352 0.3379310344827586 0.3082568807339449 0.3351724137931034 0.3070336391437309 0.3310344827586207 0.318960244648318 0.2586206896551724 0.32782874617737 0.24413793103448275 0.328440366972477 0.2303448275862069 0.3247706422018348 0.2206896551724138 0.3174311926605504 0.21655172413793103 0.3149847094801223 0.22344827586206895 0.2899082568807339 0.24827586206896549 0.2837920489296636 0.26068965517241377 0.2825688073394495 0.2772413793103448 0.2850152905198777 0.2868965517241379
0 0.3730886850152905 0.24137931034482757 0.37981651376146786 0.2206896551724138 0.38899082568807336 0.2303448275862069 0.39388379204892965 0.2648275862068965 0.39388379204892965 0.28965517241379307 0.40550458715596327 0.2924137931034482 0.3987767584097859 0.26620689655172414 0.39816513761467887 0.20689655172413793 0.39449541284403666 0.18344827586206894 0.39816513761467887 0.1462068965517241 0.4042813455657492 0.12551724137931033 0.39999999999999997 0.10620689655172413 0.3914373088685015 0.1089655172413793 0.38776758409785933 0.1296551724137931 0.38287461773700304 0.13517241379310344 0.37614678899082565 0.15999999999999998 0.36880733944954125 0.1986206896551724 0.36819571865443423 0.2372413793103448 0.3730886850152905 0.24137931034482757
0 0.3351681957186544 0.1875862068965517 0.3443425076452599 0.19172413793103446 0.34678899082568804 0.1972413793103448 0.34862385321100914 0.24413793103448275 0.3584097859327217 0.24827586206896549 0.35412844036697244 0.23172413793103447 0.3529051987767584 0.19034482758620688 0.3492354740061162 0.17103448275862068 0.35412844036697244 0.16413793103448274 0.3510703363914373 0.14206896551724138 0.3553516819571865 0.12275862068965517 0.3547400611620795 0.08413793103448275 0.35229357798165134 0.07862068965517241 0.345565749235474 0.07724137931034482 0.3425076452599388 0.08689655172413792 0.3418960244648318 0.10482758620689654 0.3370030581039755 0.1103448275862069 0.3327217125382263 0.12827586206896552 0.3290519877675841 0.17517241379310344 0.32188455657492354 0.21423491379310344 0.3259938837920489 0.21655172413793103 0.3351681957186544 0.1875862068965517