0 0.6023809523809524 0.8092857142857143 0.6064625850340135 0.8114285714285714 0.6091836734693877 0.825 0.6170068027210884 0.9285714285714286 0.6163265306122448 0.9321428571428572 0.6221088435374149 0.9335714285714286 0.6241496598639455 0.9421428571428572 0.6204081632653061 0.9471428571428572 0.6200680272108843 0.9514285714285714 0.633673469387755 0.9521428571428572 0.6353741496598639 0.9485714285714286 0.6309523809523809 0.8921428571428571 0.6418367346938775 0.86 0.6462585034013605 0.8521428571428571 0.6442176870748298 0.83 0.6326530612244897 0.81 0.6166666666666666 0.7942857142857143 0.6095238095238095 0.7771428571428571 0.6020408163265306 0.7792857142857142 0.5986394557823129 0.7885714285714286 0.5986394557823129 0.8014285714285714 0.6023809523809524 0.8092857142857143
0 0.645578231292517 0.6371428571428571 0.6510204081632652 0.6607142857142857 0.6544217687074829 0.6642857142857143 0.6547619047619048 0.7735714285714286 0.6520408163265305 0.7792857142857142 0.6632653061224489 0.7807142857142857 0.6680272108843537 0.7864285714285715 0.6717687074829931 0.7857142857142857 0.6785714285714285 0.7757142857142857 0.6785714285714285 0.7685714285714286 0.672108843537415 0.7528571428571429 0.669047619047619 0.7385714285714285 0.6656462585034013 0.7307142857142858 0.6656462585034013 0.7257142857142858 0.6697278911564626 0.7064285714285714 0.676530612244898 0.6885714285714286 0.6755102040816326 0.68 0.664625850340136 0.6371428571428571 0.6605442176870748 0.6264285714285714 0.6544217687074829 0.6178571428571429 0.6506802721088435 0.605 0.6438775510204081 0.6007142857142858 0.6404761904761904 0.6028571428571429 0.6370748299319727 0.61 0.6370748299319727 0.6271428571428571 0.645578231292517 0.6371428571428571
0 0.7758503401360544 0.42642857142857143 0.7738095238095237 0.45071428571428573 0.7751700680272108 0.4564285714285714 0.7775510204081633 0.45785714285714285 0.779251700680272 0.48857142857142855 0.780952380952381 0.49785714285714283 0.7802721088435374 0.5142857142857142 0.7724489795918367 0.5221428571428571 0.7789115646258503 0.5321428571428571 0.7860544217687074 0.5321428571428571 0.7908163265306122 0.5264285714285715 0.7884353741496598 0.5092857142857142 0.7870748299319728 0.4742857142857143 0.7928571428571428 0.4521428571428571 0.796938775510204 0.44571428571428573 0.7972789115646258 0.425 0.7853741496598639 0.4 0.7755102040816326 0.3657142857142857 0.770408163265306 0.36357142857142855 0.7653061224489796 0.3692857142857143 0.7629251700680272 0.38357142857142856 0.7758503401360544 0.42642857142857143
0 0.696938775510204 0.2007142857142857 0.696938775510204 0.21142857142857144 0.7010204081632653 0.215 0.701360544217687 0.305 0.6993197278911564 0.30714285714285716 0.6996598639455782 0.31 0.7098639455782313 0.31142857142857144 0.7105442176870748 0.30714285714285716 0.7187074829931972 0.31285714285714283 0.7200680272108843 0.3171428571428571 0.7272108843537415 0.315 0.7285714285714285 0.3107142857142857 0.727891156462585 0.3028571428571429 0.7210884353741496 0.26857142857142857 0.7282312925170068 0.23642857142857143 0.7275510204081632 0.22714285714285715 0.7034013605442176 0.17857142857142858 0.6972789115646258 0.17785714285714285 0.6952380952380952 0.185 0.6948979591836735 0.19357142857142856 0.696938775510204 0.2007142857142857
0 0.5401360544217687 0.755 0.5486394557823129 0.7664285714285715 0.5489795918367346 0.7892857142857143 0.5479591836734693 0.7985714285714286 0.5435374149659864 0.8142857142857143 0.5462585034013605 0.8178571428571428 0.5486394557823129 0.8142857142857143 0.55578231292517 0.835 0.5547619047619047 0.8385714285714285 0.5639455782312924 0.8414285714285714 0.5683673469387754 0.8392857142857143 0.5659863945578231 0.81 0.5629251700680272 0.7964285714285714 0.5717687074829931 0.79 0.577891156462585 0.8 0.5901360544217686 0.8121428571428572 0.596938775510204 0.8342857142857143 0.5989795918367347 0.8357142857142857 0.6023809523809524 0.8314285714285714 0.6034013605442177 0.8207142857142857 0.5986394557823129 0.815 0.5853741496598639 0.7892857142857143 0.5833333333333333 0.780635 0.5833333333333333 0.7514285714285714 0.5785714285714285 0.7364285714285714 0.5714285714285714 0.7321428571428571 0.563265306122449 0.7314285714285714 0.5435374149659864 0.7164285714285714 0.5397959183673469 0.7157142857142857 0.5363945578231292 0.7185714285714285 0.5346938775510204 0.7264285714285714 0.5343537414965986 0.7407142857142857 0.5401360544217687 0.755
0 0.5387755102040815 0.6264285714285714 0.5397959183673469 0.6364285714285715 0.5472789115646258 0.6507142857142857 0.5496598639455782 0.6664285714285715 0.5482993197278911 0.6892857142857143 0.5462585034013605 0.7 0.5499999999999999 0.72 0.5530612244897959 0.7235714285714285 0.55578231292517 0.7207142857142858 0.5540816326530612 0.7071428571428572 0.5540816326530612 0.6907142857142857 0.5620748299319728 0.685 0.5649659863945578 0.6878571428571428 0.564625850340136 0.695 0.569047619047619 0.7057142857142857 0.5840136054421768 0.7178571428571429 0.5874149659863945 0.7371428571428571 0.5918367346938775 0.7357142857142858 0.595578231292517 0.7257142857142858 0.5952380952380952 0.72 0.5816326530612245 0.7028571428571428 0.5758503401360544 0.6985714285714286 0.5744897959183674 0.6928571428571428 0.5758503401360544 0.6471428571428571 0.5591836734693877 0.6192857142857143 0.557142857142857 0.6128571428571429 0.5476190476190476 0.6042857142857143 0.5445578231292517 0.5942857142857143 0.5370748299319728 0.5921428571428572 0.5326530612244897 0.6007142857142858 0.5329931972789115 0.6171428571428571 0.5387755102040815 0.6264285714285714
0 0.5425170068027211 0.58 0.5418367346938775 0.5878571428571429 0.5479591836734693 0.5985714285714285 0.5496598639455782 0.6057142857142858 0.5540816326530612 0.6064285714285714 0.5568027210884353 0.6028571428571429 0.5615646258503401 0.6057142857142858 0.5629251700680272 0.6078571428571429 0.5639455782312924 0.6221428571428571 0.5683673469387754 0.63 0.5738095238095238 0.6328571428571429 0.5853741496598639 0.6321428571428571 0.5877551020408163 0.6378571428571429 0.5877551020408163 0.6507142857142857 0.5918367346938775 0.6478571428571429 0.5952380952380952 0.6271428571428571 0.591156462585034 0.6228571428571429 0.5823129251700679 0.6221428571428571 0.577891156462585 0.6135714285714285 0.5789115646258503 0.6 0.5846938775510203 0.5814285714285714 0.5802721088435374 0.5628571428571428 0.577891156462585 0.56 0.5469387755102041 0.55 0.5363945578231292 0.5535714285714286 0.5363945578231292 0.5742857142857143 0.5425170068027211 0.58
0 0.5377551020408163 0.5378571428571428 0.5360544217687074 0.5435714285714286 0.5363945578231292 0.55 0.577891156462585 0.56 0.5850340136054422 0.5571428571428572 0.5846938775510203 0.5285714285714286 0.5812925170068027 0.5185714285714286 0.5744897959183674 0.515 0.5581632653061224 0.515 0.5465986394557822 0.5185714285714286 0.5431972789115646 0.515 0.5408163265306122 0.5157142857142857 0.5397959183673469 0.5207142857142857 0.5360544217687074 0.5185714285714286 0.5357142857142857 0.5335714285714286 0.5377551020408163 0.5378571428571428
0 0.5336734693877551 0.4592857142857143 0.5387755102040815 0.4785714285714286 0.5401360544217687 0.5007142857142857 0.5370748299319728 0.5071428571428571 0.5377551020408163 0.5121428571428571 0.5489795918367346 0.5171428571428571 0.5656462585034013 0.5121428571428571 0.5639455782312924 0.48214285714285715 0.5544217687074829 0.46214285714285713 0.5496598639455782 0.44571428571428573 0.5425170068027211 0.4392857142857143 0.5360544217687074 0.4257142857142857 0.5299319727891156 0.42714285714285716 0.5275510204081633 0.43642857142857144 0.5275510204081633 0.44857142857142857 0.5336734693877551 0.4592857142857143
0 0.5302721088435374 0.35214285714285715 0.5394557823129251 0.37857142857142856 0.5384353741496598 0.39071428571428574 0.5357142857142857 0.4007142857142857 0.541156462585034 0.4092857142857143 0.5459183673469388 0.44142857142857145 0.5503401360544218 0.4442857142857143 0.5493197278911565 0.41714285714285715 0.5506802721088435 0.40714285714285714 0.5605442176870747 0.38642857142857145 0.5605442176870747 0.3657142857142857 0.5578231292517006 0.36 0.5530612244897959 0.35642857142857143 0.5476190476190476 0.3435714285714286 0.5394557823129251 0.33785714285714286 0.5360544217687074 0.32571428571428573 0.529251700680272 0.325 0.5244897959183673 0.3342857142857143 0.5258503401360544 0.34714285714285714 0.5302721088435374 0.35214285714285715
0 0.4238095238095238 0.935 0.42823129251700676 0.9392857142857143 0.43571428571428567 0.9392857142857143 0.43265306122448977 0.9242857142857143 0.4340136054421768 0.9164285714285715 0.45136054421768707 0.8971428571428571 0.4581632653061224 0.8742857142857143 0.46224489795918366 0.8678571428571429 0.46564625850340136 0.8678571428571429 0.4714285714285714 0.8707142857142857 0.4738095238095238 0.875 0.4768707482993197 0.9064285714285715 0.4772108843537415 0.9271428571428572 0.48299319727891155 0.9321428571428572 0.4921768707482993 0.9321428571428572 0.4914965986394558 0.9257142857142857 0.4897959183673469 0.9235714285714286 0.4812925170068027 0.8135714285714286 0.48265306122448975 0.7985714285714286 0.4877551020408163 0.7935714285714286 0.491156462585034 0.7821428571428571 0.491156462585034 0.7714285714285715 0.4884353741496598 0.7642857142857142 0.4850340136054421 0.7614285714285715 0.47925170068027206 0.7642857142857142 0.4741496598639455 0.7807142857142857 0.46802721088435373 0.7864285714285715 0.45986394557823124 0.8021428571428572 0.4482993197278911 0.8378571428571429 0.4479591836734694 0.8528571428571429 0.4421768707482993 0.8892857142857142 0.43571428571428567 0.8964285714285715 0.4258503401360544 0.9128571428571428 0.42176870748299317 0.9242857142857143 0.4214285714285714 0.9314285714285714 0.4238095238095238 0.935
0 0.423469387755102 0.6957142857142857 0.42959183673469387 0.705 0.43537414965986393 0.7207142857142858 0.4346938775510204 0.7271428571428571 0.4183673469387755 0.76 0.41870748299319727 0.7664285714285715 0.4258503401360544 0.7728571428571429 0.43265306122448977 0.7735714285714286 0.4336734693877551 0.7685714285714286 0.44591836734693874 0.7507142857142857 0.46122448979591835 0.7507142857142857 0.4619047619047619 0.6428571428571429 0.4659863945578231 0.635 0.4632653061224489 0.6185714285714285 0.4561224489795918 0.6271428571428571 0.445578231292517 0.6328571428571429 0.4265306122448979 0.6542857142857142 0.423469387755102 0.6628571428571428 0.42108843537414964 0.6792857142857143 0.42108843537414964 0.6878571428571428 0.423469387755102 0.6957142857142857
0 0.24455782312925167 0.6721428571428572 0.24829931972789113 0.6885714285714286 0.25102040816326526 0.6935714285714286 0.25136054421768705 0.7507142857142857 0.2585034013605442 0.7535714285714286 0.26530612244897955 0.7521428571428571 0.26632653061224487 0.7478571428571429 0.26190476190476186 0.7428571428571429 0.2639455782312925 0.7357142857142858 0.26904761904761904 0.7342857142857143 0.26972789115646256 0.7307142857142858 0.26224489795918365 0.7221428571428572 0.26326530612244897 0.6435714285714286 0.26972789115646256 0.6071428571428571 0.27414965986394557 0.5971428571428572 0.2748299319727891 0.5842857142857143 0.27278911564625846 0.5764285714285714 0.26530612244897955 0.5742857142857143 0.2608843537414966 0.5785714285714286 0.25816326530612244 0.595 0.2506802721088435 0.6135714285714285 0.24285714285714283 0.6471428571428571 0.24251700680272106 0.66 0.24455782312925167 0.6721428571428572
0 0.2758503401360544 0.6207142857142857 0.2642857142857143 0.6785714285714286 0.2683673469387755 0.6828571428571428 0.2758503401360544 0.6842857142857143 0.2782312925170068 0.6807142857142857 0.2935374149659864 0.6721428571428572 0.2962585034013605 0.6757142857142857 0.30918367346938774 0.675 0.30884353741496595 0.6714285714285714 0.3006802721088435 0.6614285714285715 0.2976190476190476 0.6428571428571429 0.29693877551020403 0.6285714285714286 0.29523809523809524 0.6228571428571429 0.295578231292517 0.6114285714285714 0.2931972789115646 0.5921428571428572 0.29591836734693877 0.5807142857142857 0.3081632653061224 0.5742857142857143 0.314625850340136 0.5671428571428572 0.3183673469387755 0.5578571428571428 0.3173469387755102 0.5514285714285714 0.3139455782312925 0.5521428571428572 0.3074829931972789 0.5607142857142857 0.30238095238095236 0.5542857142857143 0.30170068027210883 0.5328571428571428 0.3071428571428571 0.5264285714285715 0.30918367346938774 0.5185714285714286 0.30884353741496595 0.5121428571428571 0.30544217687074826 0.5014285714285714 0.3006802721088435 0.49785714285714283 0.295578231292517 0.5014285714285714 0.2921768707482993 0.5171428571428571 0.2860544217687075 0.5285714285714286 0.27346938775510204 0.5742857142857143 0.2755102040816326 0.5814285714285714 0.2758503401360544 0.6207142857142857
0 0.4397959183673469 0.6471428571428571 0.4530612244897959 0.6307142857142857 0.4554421768707483 0.6221428571428571 0.46530612244897956 0.625 0.46428571428571425 0.6135714285714285 0.46768707482993194 0.5985714285714285 0.4636054421768707 0.5935714285714285 0.4561224489795918 0.5985714285714285 0.4551020408163265 0.5957142857142858 0.44931972789115643 0.5971428571428572 0.42959183673469387 0.6257142857142857 0.4265306122448979 0.6335714285714286 0.42482993197278907 0.645 0.42517006802721086 0.6557142857142857 0.4397959183673469 0.6471428571428571
0 0.4700680272108843 0.6342857142857142 0.4727891156462585 0.64 0.47312925170068026 0.6507142857142857 0.4744897959183673 0.6535714285714286 0.4744897959183673 0.6692857142857143 0.4724489795918367 0.6785714285714286 0.4738095238095238 0.6842857142857143 0.4853741496598639 0.6857142857142857 0.5006802721088435 0.6621428571428571 0.5027210884353741 0.6714285714285714 0.5047619047619047 0.6735714285714286 0.5085034013605442 0.6721428571428572 0.5119047619047619 0.6664285714285715 0.5119047619047619 0.6578571428571428 0.5071428571428571 0.6535714285714286 0.5037414965986394 0.6464285714285715 0.4982993197278911 0.6264285714285714 0.5030612244897958 0.6042857142857143 0.5095238095238095 0.5935714285714285 0.5091836734693878 0.5828571428571429 0.5074829931972789 0.5785714285714286 0.5027210884353741 0.5757142857142857 0.4982993197278911 0.5785714285714286 0.49047619047619045 0.575 0.47959183673469385 0.5807142857142857 0.4714285714285714 0.5935714285714285 0.46802721088435373 0.6078571428571429 0.4666666666666666 0.6192857142857143 0.4700680272108843 0.6342857142857142
0 0.44591836734693874 0.5878571428571429 0.4506802721088435 0.5935714285714285 0.4530612244897959 0.5942857142857143 0.4585034013605442 0.5857142857142857 0.4636054421768707 0.59 0.4738095238095238 0.5857142857142857 0.47619047619047616 0.5814285714285714 0.47619047619047616 0.5728571428571428 0.4819727891156462 0.5535714285714286 0.48163265306122444 0.5485714285714286 0.4887755102040816 0.5428571428571428 0.4897959183673469 0.5378571428571428 0.4887755102040816 0.5292857142857142 0.48571428571428565 0.5221428571428571 0.4802721088435374 0.5192857142857142 0.4486394557823129 0.5571428571428572 0.44353741496598637 0.5714285714285714 0.44353741496598637 0.5778571428571428 0.44591836734693874 0.5878571428571429
0 0.4289115646258503 0.5857142857142857 0.43197278911564624 0.5928571428571429 0.43571428571428567 0.5935714285714285 0.43605442176870746 0.5892857142857143 0.4506802721088435 0.5535714285714286 0.4591836734693877 0.5471428571428572 0.4629251700680272 0.54 0.4615646258503401 0.5178571428571429 0.4670068027210884 0.505 0.4697278911564626 0.49142857142857144 0.4738095238095238 0.48857142857142855 0.47619047619047616 0.48142857142857143 0.47517006802721085 0.4707142857142857 0.473469387755102 0.4664285714285714 0.46768707482993194 0.46214285714285713 0.4636054421768707 0.4642857142857143 0.46088435374149656 0.4764285714285714 0.44897959183673464 0.49 0.43571428571428567 0.5135714285714286 0.432312925170068 0.5292857142857142 0.43911564625850336 0.5592857142857143 0.43537414965986393 0.5642857142857143 0.43537414965986393 0.5678571428571428 0.43299319727891156 0.5728571428571428 0.42517006802721086 0.5742857142857143 0.42517006802721086 0.5828571428571429 0.4289115646258503 0.5857142857142857
0 0.40578231292517003 0.5221428571428571 0.4081632653061224 0.5242857142857142 0.41088435374149657 0.52 0.41326530612244894 0.5257142857142857 0.4149659863945578 0.5257142857142857 0.41462585034013605 0.52 0.41666666666666663 0.5085714285714286 0.42755102040816323 0.4942857142857143 0.4336734693877551 0.4735714285714286 0.43197278911564624 0.4707142857142857 0.4261904761904762 0.4735714285714286 0.4214285714285714 0.4907142857142857 0.41122448979591836 0.5085714285714286 0.41122448979591836 0.5135714285714286 0.40578231292517003 0.5221428571428571
0 0.43945578231292515 0.43785714285714283 0.44047619047619047 0.44142857142857145 0.4431972789115646 0.4392857142857143 0.4472789115646258 0.445 0.44659863945578226 0.4642857142857143 0.44931972789115643 0.47 0.44931972789115643 0.48428571428571426 0.45340136054421765 0.48428571428571426 0.4551020408163265 0.4785714285714286 0.4540816326530612 0.4735714285714286 0.45374149659863944 0.43714285714285717 0.458843537414966 0.4142857142857143 0.4632653061224489 0.4064285714285714 0.4666666666666666 0.39357142857142857 0.4632653061224489 0.3821428571428571 0.4564625850340136 0.3792857142857143 0.45374149659863944 0.39 0.44693877551020406 0.3992857142857143 0.43911564625850336 0.4157142857142857 0.43299319727891156 0.4357142857142857 0.43945578231292515 0.43785714285714283
0 0.3904761904761905 0.4114285714285714 0.3799319727891156 0.4357142857142857 0.3768707482993197 0.4492857142857143 0.3792517006802721 0.45285714285714285 0.386734693877551 0.45357142857142857 0.38503401360544215 0.44142857142857145 0.3857142857142857 0.43857142857142856 0.3972789115646258 0.41785714285714287 0.40034013605442176 0.4042857142857143 0.40272108843537413 0.4014285714285714 0.41462585034013605 0.415 0.4214285714285714 0.4585714285714286 0.4268707482993197 0.46 0.4272108843537415 0.45285714285714285 0.42414965986394554 0.43857142857142856 0.41802721088435374 0.37214285714285716 0.4193877551020408 0.3535714285714286 0.42517006802721086 0.33714285714285713 0.427891156462585 0.3242857142857143 0.42551020408163265 0.3107142857142857 0.42210884353741496 0.30642857142857144 0.4156462585034013 0.30714285714285716 0.41326530612244894 0.32 0.40714285714285714 0.32785714285714285 0.4010204081632653 0.345 0.3982993197278911 0.35928571428571426 0.39285714285714285 0.3692857142857143 0.3935374149659864 0.39071428571428574 0.3904761904761905 0.4114285714285714
0 0.39149659863945574 0.2592857142857143 0.3799319727891156 0.29214285714285715 0.37857142857142856 0.30142857142857143 0.3843537414965986 0.305 0.3843537414965986 0.29642857142857143 0.38605442176870747 0.29 0.4017006802721088 0.26 0.4085034013605442 0.2714285714285714 0.4105442176870748 0.30642857142857144 0.4149659863945578 0.30714285714285716 0.4183673469387755 0.30357142857142855 0.4159863945578231 0.29928571428571427 0.41326530612244894 0.2857142857142857 0.4119047619047619 0.26857142857142857 0.4129251700680272 0.26571428571428574 0.4122448979591836 0.25 0.41394557823129247 0.24071428571428571 0.4091836734693877 0.2342857142857143 0.4085034013605442 0.22857142857142856 0.4119047619047619 0.20714285714285716 0.4122448979591836 0.19214285714285714 0.4149659863945578 0.18357142857142858 0.41462585034013605 0.17214285714285715 0.41122448979591836 0.16714285714285715 0.4061224489795918 0.16785714285714284 0.404421768707483 0.17142857142857143 0.40306122448979587 0.18571428571428572 0.40034013605442176 0.18857142857142858 0.3976190476190476 0.1992857142857143 0.39183673469387753 0.2342857142857143 0.39149659863945574 0.2592857142857143