0 0.6506238859180036 0.46782841823056304 0.6565656565656566 0.4959785522788204 0.6571598336304219 0.5268096514745308 0.6607248960190137 0.5482573726541555 0.6541889483065954 0.5951742627345845 0.6636957813428402 0.5951742627345845 0.6684491978609626 0.5764075067024129 0.6660724896019015 0.5670241286863271 0.6678550207961973 0.5603217158176944 0.6666666666666667 0.546916890080429 0.6708259061200238 0.532171581769437 0.6743909685086156 0.4906166219839142 0.6678550207961973 0.45308310991957107 0.661319073083779 0.4383378016085791 0.6607248960190137 0.42359249329758714 0.6577540106951872 0.41823056300268097 0.6518122400475342 0.4222520107238606 0.6535947712418301 0.435656836461126 0.6506238859180036 0.46782841823056304
0 0.631610219845514 0.38471849865951746 0.6333927510398099 0.4101876675603217 0.6405228758169935 0.4383378016085791 0.6363636363636364 0.5067024128686327 0.6333927510398099 0.5241286863270778 0.6262626262626263 0.5361930294906166 0.637551990493167 0.5402144772117963 0.6399286987522282 0.5348525469168901 0.6411170528817588 0.49865951742627346 0.6506238859180036 0.46782841823056304 0.6535947712418301 0.4450402144772118 0.6500297088532383 0.4343163538873995 0.6518122400475342 0.41823056300268097 0.6571598336304219 0.41420911528150134 0.6488413547237077 0.39276139410187666 0.6476530005941771 0.3820375335120644 0.6423054070112894 0.3766756032171582 0.6393345216874629 0.3579088471849866 0.6322043969102793 0.3552278820375335 0.6268568033273916 0.3672922252010724 0.6268568033273916 0.37533512064343166 0.631610219845514 0.38471849865951746
0 0.5739750445632799 0.1380697050938338 0.578134284016637 0.14343163538873996 0.578134284016637 0.10723860589812333 0.5828877005347594 0.09785522788203753 0.5894236482471777 0.09785522788203753 0.590017825311943 0.10589812332439678 0.6013071895424837 0.1260053619302949 0.6036838978015449 0.14075067024128687 0.6060606060606061 0.14075067024128687 0.6090314913844326 0.13136729222520108 0.5989304812834225 0.11126005361930295 0.5947712418300654 0.07104557640750671 0.5882352941176471 0.04289544235924933 0.578134284016637 0.010723860589812333 0.5710041592394534 0.012064343163538875 0.5727866904337493 0.14343163538873996 0.5739750445632799 0.1380697050938338
0 0.560308972073678 0.21849865951742628 0.5549613784907903 0.257372654155496 0.5561497326203209 0.27211796246648795 0.5537730243612596 0.29490616621983917 0.5490196078431373 0.3096514745308311 0.5573380867498515 0.306970509383378 0.5591206179441474 0.27479892761394104 0.5650623885918004 0.2587131367292225 0.572192513368984 0.26541554959785524 0.5733808674985146 0.27211796246648795 0.5882352941176471 0.2962466487935657 0.5882352941176471 0.3136729222520107 0.5947712418300654 0.3096514745308311 0.5947712418300654 0.2989276139410188 0.5858585858585859 0.28150134048257375 0.5715983363042187 0.20241286863270777 0.5609031491384433 0.17560321715817695 0.560308972073678 0.16085790884718498 0.554367201426025 0.1581769436997319 0.5502079619726679 0.1675603217158177 0.5537730243612596 0.19571045576407506 0.560308972073678 0.21849865951742628
0 0.5145573380867499 0.2667560321715818 0.5163398692810458 0.29490616621983917 0.512774806892454 0.3163538873994638 0.5157456922162805 0.3284182305630027 0.518716577540107 0.33109919571045576 0.5210932857991681 0.32171581769436997 0.5353535353535354 0.31769436997319034 0.5513963161021985 0.353887399463807 0.5502079619726679 0.36863270777479895 0.5585264408793821 0.36863270777479895 0.5597147950089127 0.36193029490616624 0.5494159239453358 0.33199329758713136 0.5294117647058824 0.24932975871313673 0.5151515151515151 0.21447721179624665 0.5109922756981581 0.2131367292225201 0.5062388591800356 0.21983914209115282 0.5050505050505051 0.23056300268096516 0.5145573380867499 0.2667560321715818
0 0.5014854426619133 0.34048257372654156 0.5056446821152704 0.34986595174262736 0.506833036244801 0.3672922252010724 0.5109922756981581 0.3766756032171582 0.5109922756981581 0.3833780160857909 0.5323826500297089 0.4249329758713137 0.5436720142602496 0.43029490616621985 0.5323826500297089 0.40884718498659517 0.5347593582887701 0.3967828418230563 0.5430778371954843 0.38069705093833783 0.5407011289364231 0.36193029490616624 0.5329768270944741 0.3485254691689008 0.5175282234105764 0.33378016085790885 0.5121806298276886 0.3203753351206434 0.5050505050505051 0.31769436997319034 0.5014854426619133 0.32439678284182305 0.5014854426619133 0.34048257372654156
0 0.4925727866904338 0.3900804289544236 0.4973262032085562 0.41823056300268097 0.49079025549613786 0.4383378016085791 0.49673202614379086 0.4410187667560322 0.5014854426619133 0.4544235924932976 0.5002970885323826 0.46246648793565687 0.5026737967914439 0.4772117962466488 0.5074272133095663 0.47989276139410186 0.5092097445038621 0.4772117962466488 0.5086155674390969 0.4597855227882038 0.5252525252525253 0.4316353887399464 0.5258467023172906 0.4128686327077748 0.4979203802733215 0.3579088471849866 0.4884135472370767 0.36193029490616624 0.4884135472370767 0.3793565683646113 0.4925727866904338 0.3900804289544236
0 0.4783125371360666 0.4571045576407507 0.4800950683303625 0.4705093833780161 0.4973262032085562 0.49463806970509383 0.5026737967914439 0.4906166219839142 0.49970291146761736 0.4664879356568365 0.48781937017231136 0.4383378016085791 0.483065953654189 0.4343163538873995 0.4693998811645871 0.43699731903485256 0.46702317290552586 0.44906166219839144 0.4783125371360666 0.4571045576407507
0 0.453357100415924 0.4450402144772118 0.4563279857397505 0.4785522788203753 0.4616755793226382 0.4812332439678284 0.46405228758169936 0.4772117962466488 0.46524064171123 0.4544235924932976 0.4682115270350565 0.44906166219839144 0.4676173499702912 0.4383378016085791 0.4563279857397505 0.42091152815013405 0.4497920380273322 0.42359249329758714 0.44919786096256686 0.43967828418230565 0.453357100415924 0.4450402144772118
0 0.4682115270350565 0.4705093833780161 0.4753416518122401 0.5884718498659518 0.4735591206179442 0.5951742627345845 0.4860368389780155 0.5978552278820376 0.4872251931075461 0.5871313672922253 0.4919786096256685 0.5884718498659518 0.4991087344028521 0.593833780160858 0.500891265597148 0.6206434316353887 0.506833036244801 0.6193029490616622 0.5121806298276886 0.6085790884718498 0.512774806892454 0.6005361930294906 0.49970291146761736 0.5804289544235925 0.4979203802733215 0.5723860589812333 0.5074272133095663 0.5308310991957105 0.5044563279857398 0.5080428954423593 0.48187759952465836 0.4691689008042896 0.48068924539512775 0.46246648793565687 0.47296494355317886 0.4544235924932976 0.4676173499702912 0.45576407506702415 0.4664289958407606 0.4705093833780161 0.4682115270350565 0.4705093833780161
0 0.4563279857397505 0.646112600536193 0.4634581105169341 0.6769436997319035 0.459298871063577 0.7050938337801609 0.453357100415924 0.7198391420911529 0.4563279857397505 0.7225201072386059 0.4563279857397505 0.757372654155496 0.4497920380273322 0.772117962466488 0.4527629233511587 0.7774798927613941 0.45989304812834225 0.7761394101876675 0.4646464646464647 0.7265415549597856 0.47771836007130125 0.7144772117962467 0.4836601307189543 0.7426273458445041 0.49970291146761736 0.757372654155496 0.5044563279857398 0.7694369973190349 0.5020796197266786 0.7815013404825737 0.5109922756981581 0.7788203753351206 0.5133689839572193 0.772117962466488 0.512774806892454 0.7613941018766757 0.4943553178847297 0.7386058981233244 0.4896019013666073 0.7144772117962467 0.4901960784313726 0.6903485254691689 0.47890671420083186 0.6501340482573726 0.46702317290552586 0.6340482573726541 0.45989304812834225 0.6112600536193029 0.4557338086749852 0.6099195710455764 0.4503862150920975 0.6166219839142091 0.44919786096256686 0.631367292225201 0.4563279857397505 0.646112600536193
0 0.4664289958407606 0.049597855227882036 0.46702317290552586 0.06568364611260054 0.477124183006536 0.10053619302949061 0.477124183006536 0.1447721179624665 0.48781937017231136 0.14343163538873996 0.4842543077837196 0.128686327077748 0.49079025549613786 0.04423592493297587 0.4991087344028521 0.022788203753351208 0.494949494949495 0.005361930294906166 0.4884135472370767 0.00804289544235925 0.4854426619132502 0.01876675603217158 0.4664289958407606 0.049597855227882036
0 0.42127153891859775 0.23324396782841825 0.4278074866310161 0.25603217158176944 0.43018419489007725 0.289544235924933 0.43612596553773025 0.2922252010723861 0.4385026737967915 0.289544235924933 0.4379084967320262 0.27211796246648795 0.45098039215686275 0.17962466487935658 0.4503862150920975 0.16890080428954424 0.44206773618538325 0.1648793565683646 0.4385026737967915 0.17962466487935658 0.4248366013071896 0.2064343163538874 0.42127153891859775 0.21849865951742628 0.42127153891859775 0.23324396782841825
0 0.43731431966726086 0.34718498659517427 0.4438502673796792 0.3324396782841823 0.4557338086749852 0.33378016085790885 0.46108140225787286 0.3163538873994638 0.4616755793226382 0.30563002680965146 0.45811051693404636 0.2962466487935657 0.4379084967320262 0.2922252010723861 0.42840166369578137 0.29758713136729226 0.4248366013071896 0.3096514745308311 0.42127153891859775 0.33646112600536193 0.43731431966726086 0.34718498659517427
0 0.40344622697563876 0.4128686327077748 0.393939393939394 0.4222520107238606 0.38978015448603687 0.435656836461126 0.39275103980986337 0.4410187667560322 0.40047534165181226 0.435656836461126 0.4379084967320262 0.4597855227882038 0.4337492572786691 0.4075067024128686 0.4385026737967915 0.38069705093833783 0.4456327985739751 0.3739946380697051 0.44622697563874036 0.3605898123324397 0.44325609031491386 0.3512064343163539 0.41354723707664887 0.3485254691689008 0.4058229352347 0.3552278820375335 0.4010695187165776 0.3672922252010724 0.40463458110516937 0.40214477211796246 0.40344622697563876 0.4128686327077748
0 0.37254901960784315 0.5268096514745308 0.36779560308972076 0.532171581769437 0.35947712418300654 0.5281501340482574 0.35947712418300654 0.5563002680965148 0.36244800950683304 0.5589812332439679 0.36660724896019015 0.5442359249329759 0.37789661319073087 0.5549597855227882 0.38383838383838387 0.5549597855227882 0.387997623291741 0.5455764075067024 0.38859180035650626 0.532171581769437 0.4010695187165776 0.5201072386058981 0.40938799762329176 0.5589812332439679 0.4147355912061795 0.5589812332439679 0.40522875816993464 0.5107238605898123 0.4058229352347 0.49463806970509383 0.41235888294711825 0.46246648793565687 0.4087938205585265 0.4436997319034853 0.40166369578134287 0.4410187667560322 0.3921568627450981 0.44906166219839144 0.38740344622697565 0.4611260053619303 0.370172311348782 0.48525469168900803 0.36898395721925137 0.5053619302949062 0.37254901960784315 0.5268096514745308
0 0.36957813428401665 0.6809651474530831 0.38146167557932265 0.6876675603217158 0.37849079025549615 0.6715817694369973 0.387997623291741 0.6487935656836461 0.39453357100415926 0.6528150134048257 0.3969102792632205 0.6595174262734584 0.40166369578134287 0.6581769436997319 0.4070112893642306 0.6769436997319035 0.411764705882353 0.67828418230563 0.40225787284610814 0.6273458445040214 0.41117052881758764 0.5844504021447722 0.40760546642899587 0.5697050938337802 0.37789661319073087 0.5844504021447722 0.36838978015448604 0.5831099195710456 0.36363636363636365 0.5911528150134049 0.36244800950683304 0.6005361930294906 0.36957813428401665 0.6809651474530831
0 0.32976827094474154 0.6970509383378016 0.33511586452762926 0.7238605898123325 0.33689839572192515 0.7587131367292226 0.334521687462864 0.7868632707774799 0.34640522875817 0.789544235924933 0.34521687462863937 0.7801608579088471 0.35056446821152704 0.7680965147453084 0.34699940582293526 0.7654155495978553 0.34462269756387404 0.7560321715817695 0.3434343434343435 0.7292225201072386 0.34878193701723115 0.7050938337801609 0.35175282234105765 0.6635388739946381 0.35769459298871065 0.6554959785522788 0.358288770053476 0.6474530831099196 0.36304218657159837 0.6394101876675603 0.36304218657159837 0.6045576407506702 0.35888294711824126 0.5991957104557641 0.35412953060011887 0.6018766756032171 0.32501485442661915 0.6702412868632708 0.32442067736185387 0.6836461126005362 0.32976827094474154 0.6970509383378016
0 0.32204396910279265 0.4155495978552279 0.31729055258467026 0.4343163538873995 0.31729055258467026 0.44906166219839144 0.32204396910279265 0.4517426273458445 0.32798573975044565 0.4705093833780161 0.33571004159239454 0.47319034852546915 0.3374925727866905 0.4705093833780161 0.34581105169340465 0.32707774798927614 0.34581105169340465 0.3136729222520107 0.34224598930481287 0.30294906166219837 0.33571004159239454 0.30294906166219837 0.3137254901960784 0.3646112600536193 0.31313131313131315 0.3820375335120644 0.32204396910279265 0.4155495978552279
0 0.23529411764705885 0.5549597855227882 0.23767082590612004 0.5911528150134049 0.24955436720142604 0.5951742627345845 0.24836601307189543 0.5871313672922253 0.25490196078431376 0.5777479892761395 0.24777183600713015 0.564343163538874 0.2501485442661913 0.5013404825737265 0.24836601307189543 0.48257372654155495 0.2590612002376708 0.4436997319034853 0.26559714795008915 0.43297587131367293 0.26559714795008915 0.4195710455764075 0.26143790849673204 0.40884718498659517 0.25193107546048726 0.41152815013404825 0.24896019013666074 0.4249329758713137 0.24183006535947715 0.43699731903485256 0.23054070112893643 0.48927613941018766 0.23648247177658943 0.5388739946380697 0.23529411764705885 0.5549597855227882
0 0.23529411764705885 0.30831099195710454 0.23172905525846704 0.3512064343163539 0.24242424242424243 0.35254691689008044 0.24183006535947715 0.3445040214477212 0.24836601307189543 0.3351206434316354 0.24004753416518124 0.3203753351206434 0.24301841948900774 0.289544235924933 0.24480095068330365 0.27882037533512066 0.2560903149138443 0.257372654155496 0.25490196078431376 0.25067024128686327 0.24539512774806893 0.24262734584450402 0.2531194295900178 0.20911528150134048 0.25252525252525254 0.19571045576407506 0.24777183600713015 0.18900804289544237 0.24064171122994654 0.19168900804289546 0.23707664884135474 0.2131367292225201 0.22994652406417113 0.22922252010723862 0.22638146167557935 0.2479892761394102 0.22697563874034463 0.27211796246648795 0.23529411764705885 0.30831099195710454