0 0.4423828125 0.560546875 0.4453125 0.564453125 0.44921875 0.580078125 0.447265625 0.59765625 0.427734375 0.599609375 0.4375 0.603515625 0.439453125 0.609375 0.439453125 0.626953125 0.4375 0.638671875 0.4384765625 0.6640625 0.4443359375 0.689453125 0.4462890625 0.705078125 0.4453125 0.712890625 0.443359375 0.716796875 0.4375 0.716796875 0.4345703125 0.7109375 0.42578125 0.681640625 0.4208984375 0.65234375 0.4208984375 0.62890625 0.416015625 0.626953125 0.4150390625 0.630859375 0.41796875 0.63671875 0.41796875 0.65625 0.412109375 0.666015625 0.4140625 0.669921875 0.4140625 0.677734375 0.4091796875 0.705078125 0.4072265625 0.70703125 0.408203125 0.7265625 0.40625 0.734375 0.3955078125 0.734375 0.3916015625 0.7265625 0.3916015625 0.70703125 0.396484375 0.6953125 0.396484375 0.681640625 0.388671875 0.6796875 0.384765625 0.669921875 0.3857421875 0.66015625 0.390625 0.65234375 0.3828125 0.630859375 0.3828125 0.609375 0.3857421875 0.5859375 0.3896484375 0.578125 0.3974609375 0.57421875 0.40234375 0.576171875 0.408203125 0.5703125 0.427734375 0.5703125 0.44140625 0.560546875
0 0.4384765625 0.501953125 0.4462890625 0.513671875 0.447265625 0.529296875 0.44140625 0.54296875 0.4345703125 0.548828125 0.435546875 0.55859375 0.4326171875 0.568359375 0.3955078125 0.576171875 0.3876953125 0.576171875 0.384765625 0.5703125 0.384765625 0.55859375 0.3798828125 0.55078125 0.3798828125 0.5390625 0.3828125 0.53125 0.3935546875 0.51953125 0.412109375 0.513671875 0.4287109375 0.501953125 0.4375 0.501953125
0 0.4462890625 0.46875 0.451171875 0.478515625 0.451171875 0.48828125 0.447265625 0.498046875 0.43359375 0.505859375 0.4111328125 0.5078125 0.40234375 0.515625 0.396484375 0.515625 0.3876953125 0.529296875 0.3818359375 0.529296875 0.37890625 0.51953125 0.37890625 0.5078125 0.3828125 0.49609375 0.390625 0.494140625 0.40234375 0.48046875 0.4091796875 0.4765625 0.4248046875 0.474609375 0.435546875 0.466796875 0.4453125 0.46875
0 0.24242424242424243 0.49463806970509383 0.24896019013666074 0.5093833780160858 0.25193107546048726 0.5308310991957105 0.24777183600713015 0.5495978552278821 0.25371360665478315 0.546916890080429 0.2560903149138443 0.5522788203753352 0.25133689839572193 0.5737265415549598 0.25490196078431376 0.579088471849866 0.26916221033868093 0.5201072386058981 0.26559714795008915 0.5013404825737265 0.2650029708853238 0.4812332439678284 0.2857991681521094 0.435656836461126 0.28758169934640526 0.4222520107238606 0.28639334521687465 0.4075067024128686 0.28223410576351754 0.4008042895442359 0.27569815805109926 0.4008042895442359 0.24064171122994654 0.4544235924932976 0.23469994058229354 0.4705093833780161 0.23410576351752824 0.4865951742627346 0.24242424242424243 0.49463806970509383
0 0.30956625074272137 0.564343163538874 0.28639334521687465 0.5871313672922253 0.28401663695781343 0.5978552278820376 0.28995840760546643 0.6112600536193029 0.29649435531788476 0.6112600536193029 0.29708853238265004 0.5924932975871314 0.31788472964943554 0.579088471849866 0.3196672608437314 0.5630026809651475 0.32679738562091504 0.5522788203753352 0.33927510398098637 0.579088471849866 0.33868092691622104 0.6260053619302949 0.352346999405823 0.6260053619302949 0.35353535353535354 0.6193029490616622 0.34997029114676176 0.613941018766756 0.34997029114676176 0.5160857908847185 0.35472370766488415 0.5067024128686327 0.36185383244206776 0.4772117962466488 0.3612596553773025 0.4664879356568365 0.3553178847296495 0.4571045576407507 0.34818775995246587 0.45844504021447724 0.34284016636957815 0.4745308310991957 0.32085561497326204 0.49463806970509383 0.31016042780748665 0.5134048257372654 0.30718954248366015 0.532171581769437 0.30956625074272137 0.564343163538874
0 0.29292929292929293 0.5415549597855228 0.29530600118835415 0.5375335120643432 0.29352346999405826 0.5294906166219839 0.29649435531788476 0.5107238605898123 0.31431966726084376 0.48927613941018766 0.32085561497326204 0.4638069705093834 0.334521687462864 0.4785522788203753 0.340463458110517 0.4745308310991957 0.34284016636957815 0.4571045576407507 0.33868092691622104 0.43967828418230565 0.358288770053476 0.41823056300268097 0.35947712418300654 0.3833780160857909 0.35650623885918004 0.3726541554959786 0.34878193701723115 0.3699731903485255 0.34402852049910876 0.3793565683646113 0.32442067736185387 0.39544235924932974 0.3137254901960784 0.4128686327077748 0.31016042780748665 0.42091152815013405 0.30837789661319076 0.4517426273458445 0.30362448009506837 0.4812332439678284 0.2828282828282829 0.5187667560321716 0.28342245989304815 0.5281501340482574 0.29292929292929293 0.5415549597855228
0 0.36601307189542487 0.41823056300268097 0.37136066547831253 0.41420911528150134 0.37195484254307787 0.40482573726541554 0.38443256090314915 0.403485254691689 0.36066547831253715 0.40482573726541554 0.36244800950683304 0.41823056300268097 0.36601307189542487 0.41823056300268097
0 0.35650623885918004 0.3579088471849866 0.36363636363636365 0.3672922252010724 0.36660724896019015 0.3820375335120644 0.36541889483065954 0.38873994638069703 0.37670825906120026 0.3766756032171582 0.39453357100415926 0.37131367292225204 0.39869281045751637 0.3646112600536193 0.39928698752228164 0.3512064343163539 0.40819964349376114 0.34048257372654156 0.40522875816993464 0.3257372654155496 0.399881164587047 0.3203753351206434 0.39334521687462864 0.33109919571045576 0.36660724896019015 0.3445040214477212 0.35294117647058826 0.35924932975871315 0.35650623885918004 0.3579088471849866
0 0.400390625 0.390625 0.404296875 0.3984375 0.4052734375 0.4140625 0.400390625 0.435546875 0.392578125 0.45703125 0.3984375 0.470703125 0.3984375 0.484375 0.3955078125 0.490234375 0.388671875 0.490234375 0.3876953125 0.486328125 0.3837890625 0.486328125 0.384765625 0.505859375 0.37890625 0.525390625 0.3671875 0.552734375 0.3671875 0.57421875 0.3623046875 0.58203125 0.35546875 0.57421875 0.35546875 0.544921875 0.3720703125 0.5 0.3603515625 0.478515625 0.3583984375 0.43359375 0.36328125 0.423828125 0.3681640625 0.423828125 0.3798828125 0.4140625 0.390625 0.39453125 0.3994140625 0.390625
0 0.427734375 0.36328125 0.4306640625 0.369140625 0.4306640625 0.384765625 0.419921875 0.41015625 0.4111328125 0.41015625 0.4091796875 0.400390625 0.4111328125 0.390625 0.4072265625 0.388671875 0.37890625 0.4140625 0.3642578125 0.4140625 0.3623046875 0.404296875 0.36328125 0.388671875 0.3671875 0.380859375 0.3720703125 0.380859375 0.3779296875 0.373046875 0.392578125 0.375 0.404296875 0.36328125 0.4267578125 0.36328125
0 0.3984375 0.451171875 0.396484375 0.439453125 0.40625 0.412109375 0.4091796875 0.412109375 0.412109375 0.40625 0.427734375 0.40625 0.4326171875 0.400390625 0.4384765625 0.40625 0.4384765625 0.421875 0.4365234375 0.423828125 0.4365234375 0.431640625 0.43359375 0.44140625 0.4208984375 0.447265625 0.4150390625 0.4453125 0.404296875 0.453125 0.3994140625 0.451171875
0 0.458984375 0.427734375 0.4638671875 0.43359375 0.46484375 0.4453125 0.4638671875 0.451171875 0.453125 0.47265625 0.453125 0.482421875 0.4560546875 0.51171875 0.4638671875 0.548828125 0.4638671875 0.56640625 0.458984375 0.57421875 0.455078125 0.57421875 0.4521484375 0.568359375 0.4521484375 0.552734375 0.443359375 0.50390625 0.44140625 0.46484375 0.431640625 0.46484375 0.412109375 0.4765625 0.4052734375 0.4765625 0.3994140625 0.466796875 0.3994140625 0.458984375 0.4033203125 0.44921875 0.4091796875 0.451171875 0.423828125 0.44140625 0.4482421875 0.4375 0.4580078125 0.4296875
0 0.6310160427807487 0.6085790884718498 0.6226975638740345 0.6487935656836461 0.6345811051693405 0.6997319034852547 0.6345811051693405 0.7091152815013405 0.6298276886512181 0.7225201072386059 0.6393345216874629 0.7198391420911529 0.6423054070112894 0.7050938337801609 0.649435531788473 0.6997319034852547 0.6518122400475342 0.7332439678284183 0.6577540106951872 0.7359249329758714 0.6577540106951872 0.7158176943699732 0.6506238859180036 0.6715817694369973 0.6577540106951872 0.6219839142091153 0.6577540106951872 0.5951742627345845 0.6405228758169935 0.5482573726541555 0.6298276886512181 0.532171581769437 0.6250742721330957 0.5107238605898123 0.6155674390968509 0.5067024128686327 0.6102198455139632 0.5201072386058981 0.6114081996434938 0.5388739946380697 0.6310160427807487 0.6085790884718498
0 0.5816993464052288 0.5254691689008043 0.5846702317290553 0.5308310991957105 0.5953654188948307 0.514745308310992 0.5929887106357695 0.5093833780160858 0.5953654188948307 0.4812332439678284 0.5918003565062389 0.450402144772118 0.5852644087938206 0.48927613941018766 0.5852644087938206 0.517426273458445 0.5816993464052288 0.5254691689008043
0 0.5644682115270351 0.3485254691689008 0.5698158051099228 0.35254691689008044 0.5710041592394534 0.36863270777479895 0.5805109922756982 0.39276139410187666 0.5793226381461676 0.41152815013404825 0.5846702317290553 0.42359249329758714 0.5882352941176471 0.44235924932975873 0.5918003565062389 0.44638069705093836 0.5977421271538919 0.4316353887399464 0.6036838978015449 0.4316353887399464 0.6054664289958408 0.43967828418230565 0.6066547831253714 0.39812332439678283 0.6001188354129531 0.3739946380697051 0.5822935234699941 0.3378016085790885 0.5763517528223411 0.3109919571045576 0.5674390968508616 0.30831099195710454 0.5620915032679739 0.3190348525469169 0.5609031491384433 0.33646112600536193 0.5644682115270351 0.3485254691689008
0 0.5407011289364231 0.39544235924932974 0.5508021390374331 0.41420911528150134 0.5537730243612596 0.4316353887399464 0.5609031491384433 0.44235924932975873 0.5614973262032086 0.45308310991957107 0.5460487225193108 0.4865951742627346 0.5478312537136066 0.48927613941018766 0.5466428995840761 0.5214477211796247 0.5407011289364231 0.5361930294906166 0.5395127748068925 0.5495978552278821 0.5502079619726679 0.5482573726541555 0.5555555555555556 0.5120643431635389 0.5620915032679739 0.5067024128686327 0.5745692216280452 0.5522788203753352 0.5710041592394534 0.5750670241286864 0.578134284016637 0.5777479892761395 0.58407605466429 0.5737265415549598 0.5858585858585859 0.5630026809651475 0.5787284610814023 0.5361930294906166 0.5799168152109329 0.5294906166219839 0.5858585858585859 0.5254691689008043 0.5787284610814023 0.5254691689008043 0.5763517528223411 0.4959785522788204 0.5852644087938206 0.4772117962466488 0.590017825311943 0.45576407506702415 0.5894236482471777 0.44638069705093836 0.5834818775995247 0.42359249329758714 0.554367201426025 0.3632707774798928 0.5472370766488414 0.3632707774798928 0.542483660130719 0.37131367292225204 0.5395127748068925 0.38471849865951746 0.5407011289364231 0.39544235924932974
0 0.5389185977421271 0.7788203753351206 0.5466428995840761 0.7828418230563002 0.5567439096850861 0.7774798927613941 0.5573380867498515 0.7613941018766757 0.5537730243612596 0.7533512064343164 0.5466428995840761 0.7050938337801609 0.5650623885918004 0.6501340482573726 0.5656565656565657 0.6233243967828418 0.5359477124183006 0.5603217158176944 0.5300059417706476 0.5603217158176944 0.52465834818776 0.5697050938337802 0.5240641711229946 0.5884718498659518 0.5389185977421271 0.7788203753351206
0 0.4973262032085562 0.44638069705093836 0.49970291146761736 0.4906166219839142 0.5044563279857398 0.4973190348525469 0.5062388591800356 0.5134048257372654 0.5026737967914439 0.5335120643431636 0.4979203802733215 0.5335120643431636 0.4979203802733215 0.5442359249329759 0.5026737967914439 0.5509383378016086 0.500891265597148 0.5603217158176944 0.5032679738562091 0.5710455764075067 0.5038621509209745 0.6005361930294906 0.49970291146761736 0.6273458445040214 0.494949494949495 0.6353887399463807 0.5092097445038621 0.6407506702412868 0.5121806298276886 0.6380697050938338 0.5103980986333928 0.6233243967828418 0.5121806298276886 0.5509383378016086 0.5157456922162805 0.5415549597855228 0.5216874628639335 0.5375335120643432 0.5323826500297089 0.5495978552278821 0.5401069518716578 0.514745308310992 0.530600118835413 0.4785522788203753 0.5300059417706476 0.46246648793565687 0.518716577540107 0.43029490616621985 0.5026737967914439 0.40884718498659517 0.4979203802733215 0.40884718498659517 0.4931669637551991 0.41823056300268097 0.4919786096256685 0.4249329758713137 0.4973262032085562 0.44638069705093836
0 0.4503862150920975 0.2801608579088472 0.4527629233511587 0.2962466487935657 0.45692216280451575 0.29490616621983917 0.459298871063577 0.3002680965147453 0.46108140225787286 0.32171581769436997 0.4587046939988117 0.33109919571045576 0.4646464646464647 0.339142091152815 0.46524064171123 0.3485254691689008 0.477124183006536 0.3605898123324397 0.4824717765894237 0.34718498659517427 0.4901960784313726 0.34316353887399464 0.4931669637551991 0.33646112600536193 0.4955436720142603 0.3136729222520107 0.49079025549613786 0.2989276139410188 0.4676173499702912 0.27211796246648795 0.45989304812834225 0.2520107238605898 0.4515745692216281 0.25603217158176944 0.4497920380273322 0.2613941018766756 0.4503862150920975 0.2801608579088472
0 0.4634581105169341 0.3941018766756032 0.47474747474747475 0.4155495978552279 0.4872251931075461 0.42359249329758714 0.49079025549613786 0.42359249329758714 0.4955436720142603 0.4101876675603217 0.49970291146761736 0.4075067024128686 0.5103980986333928 0.4168900804289544 0.5157456922162805 0.3941018766756032 0.5121806298276886 0.3699731903485255 0.5020796197266786 0.3579088471849866 0.48187759952465836 0.3632707774798928 0.4765300059417707 0.37131367292225204 0.46880570409982175 0.3672922252010724 0.4682115270350565 0.3579088471849866 0.46286393345216875 0.3552278820375335 0.45692216280451575 0.36595174262734587 0.4563279857397505 0.3793565683646113 0.4634581105169341 0.3941018766756032
0 0.462890625 0.40625 0.470703125 0.40625 0.4765625 0.419921875 0.4853515625 0.423828125 0.49609375 0.435546875 0.5009765625 0.44921875 0.4990234375 0.462890625 0.4990234375 0.498046875 0.4912109375 0.564453125 0.48828125 0.607421875 0.484375 0.619140625 0.478515625 0.6171875 0.4765625 0.611328125 0.4765625 0.591796875 0.478515625 0.587890625 0.48828125 0.48046875 0.484375 0.466796875 0.48046875 0.5078125 0.4755859375 0.51171875 0.4697265625 0.50390625 0.46875 0.466796875 0.470703125 0.447265625 0.4609375 0.421875 0.462890625 0.408203125