0 0.7632963179427235 0.8012903225806451 0.7656341320864991 0.8535483870967742 0.7551139684395091 0.9070967741935484 0.7556984219754529 0.9212903225806451 0.7691408533021624 0.9664516129032258 0.7697253068381064 0.9780645161290322 0.7650496785505552 0.983225806451613 0.7650496785505552 0.9896774193548387 0.7685563997662186 0.9987096774193548 0.7814143775569842 0.9987096774193548 0.782583284628872 0.9858064516129033 0.7790765634132086 0.9264516129032258 0.7849210987726475 0.8825806451612903 0.782583284628872 0.8103225806451613 0.7726475745178257 0.7587096774193548 0.7615429573348919 0.7574193548387097 0.7562828755113968 0.7703225806451612 0.7562828755113968 0.7806451612903226 0.7632963179427235 0.8012903225806451
0 0.8790181180596142 0.1032258064516129 0.8819403857393336 0.10709677419354839 0.8872004675628287 0.14838709677419354 0.8907071887784921 0.15741935483870967 0.8831092928112214 0.19741935483870968 0.8860315604909409 0.2367741935483871 0.8784336645236703 0.2645161290322581 0.8831092928112214 0.26838709677419353 0.8947983635300993 0.25806451612903225 0.9064874342489772 0.25548387096774194 0.9012273524254821 0.20774193548387096 0.9047340736411454 0.17935483870967742 0.9047340736411454 0.15612903225806452 0.8924605493863237 0.08 0.8877849210987726 0.07483870967741936 0.8796025715955581 0.08 0.8778492109877264 0.08774193548387096 0.8790181180596142 0.1032258064516129
0 0.6691992986557568 0.4967741935483871 0.673290473407364 0.5316129032258065 0.668030391583869 0.5470967741935484 0.6715371127995324 0.6141935483870967 0.6645236703682057 0.6219354838709678 0.6639392168322618 0.6283870967741936 0.6773816481589713 0.6477419354838709 0.684979544126242 0.6464516129032258 0.6890707188778492 0.6425806451612903 0.6861484511981297 0.5858064516129032 0.6867329047340736 0.567741935483871 0.6914085330216247 0.5445161290322581 0.6861484511981297 0.48774193548387096 0.678550555230859 0.447741935483871 0.6750438340151957 0.4425806451612903 0.668614845119813 0.44516129032258067 0.6645236703682057 0.46580645161290324 0.6697837521917007 0.4774193548387097 0.6691992986557568 0.4967741935483871
0 0.6434833430742256 0.3161290322580645 0.6504967855055522 0.3303225806451613 0.6510812390414962 0.3406451612903226 0.646405610753945 0.36 0.6598480420806545 0.40903225806451615 0.6569257744009351 0.42838709677419357 0.668030391583869 0.42838709677419357 0.668030391583869 0.4129032258064516 0.6616014026884862 0.37806451612903225 0.6762127410870835 0.35096774193548386 0.6756282875511397 0.33419354838709675 0.6493278784336645 0.2761290322580645 0.6388077147866744 0.28 0.6376388077147866 0.2903225806451613 0.6434833430742256 0.3161290322580645
0 0.6300409117475161 0.2567741935483871 0.6288720046756282 0.26838709677419353 0.6335476329631794 0.2903225806451613 0.6329631794272355 0.30451612903225805 0.6282875511396844 0.3109677419354839 0.6393921683226184 0.3135483870967742 0.6376388077147866 0.2929032258064516 0.6504967855055522 0.2735483870967742 0.6540035067212157 0.26193548387096777 0.6545879602571595 0.24903225806451612 0.6300409117475161 0.1858064516129032 0.6218585622443016 0.1832258064516129 0.6177673874926943 0.19096774193548388 0.6165984804208066 0.20129032258064516 0.6300409117475161 0.2567741935483871
0 0.5803623611922851 0.12129032258064516 0.5768556399766218 0.15612903225806452 0.5686732904734073 0.17161290322580644 0.5973115137346581 0.17161290322580644 0.5996493278784336 0.16774193548387098 0.5973115137346581 0.10516129032258065 0.6008182349503214 0.0929032258064516 0.6054938632378726 0.0967741935483871 0.6072472238457042 0.09032258064516129 0.6054938632378726 0.06451612903225806 0.5850379894798363 0 0.5786090005844535 0.0064516129032258064 0.5751022793687901 0.02838709677419355 0.576271186440678 0.07741935483870968 0.5803623611922851 0.12129032258064516
0 0.4178842781998831 0.15741935483870967 0.4301578024547048 0.17290322580645162 0.43424897720631206 0.1935483870967742 0.4319111630625365 0.20258064516129032 0.43717124488603154 0.2232258064516129 0.43424897720631206 0.2541935483870968 0.4301578024547048 0.25806451612903225 0.4418468731735827 0.2593548387096774 0.4529514903565166 0.25161290322580643 0.4529514903565166 0.21548387096774194 0.45879602571595557 0.19870967741935483 0.4582115721800117 0.1638709677419355 0.4301578024547048 0.13548387096774195 0.42606662770309756 0.12645161290322582 0.4178842781998831 0.13032258064516128 0.4161309175920514 0.1367741935483871 0.4178842781998831 0.15741935483870967
0 0.45353594389246055 0.3419354838709677 0.45353594389246055 0.33419354838709675 0.4494447691408533 0.33548387096774196 0.44593804792518993 0.3535483870967742 0.44535359438924604 0.3664516129032258 0.45353594389246055 0.3419354838709677
0 0.44886031560490935 0.28903225806451616 0.4523670368205727 0.3006451612903226 0.47340736411455286 0.3109677419354839 0.4810052600818235 0.3109677419354839 0.48860315604909405 0.2864516129032258 0.4874342489772063 0.2670967741935484 0.4804208065458796 0.25548387096774194 0.4494447691408533 0.25290322580645164 0.4418468731735827 0.2645161290322581 0.44243132670952656 0.28258064516129033 0.44886031560490935 0.28903225806451616
0 0.46230274693161894 0.3548387096774194 0.45645821157218 0.39225806451612905 0.45645821157218 0.40903225806451615 0.45938047925189945 0.4038709677419355 0.46639392168322613 0.3664516129032258 0.4704850964348334 0.3638709677419355 0.47983635300993566 0.3832258064516129 0.4839275277615429 0.4 0.4862653419053185 0.4167741935483871 0.4839275277615429 0.42193548387096774 0.48509643483343073 0.42451612903225805 0.4921098772647574 0.42451612903225805 0.48977206312098187 0.39483870967741935 0.49736995908825243 0.3870967741935484 0.5043834015195792 0.3961290322580645 0.5049678550555231 0.40774193548387094 0.5084745762711864 0.40774193548387094 0.5119812974868497 0.4 0.5113968439509059 0.3909677419354839 0.4979544126241963 0.3716129032258064 0.49620105201636466 0.36129032258064514 0.5014611338398597 0.3419354838709677 0.49912331969608414 0.327741935483871 0.4926943308007013 0.32 0.47106954997077727 0.31225806451612903 0.45996493278784334 0.3006451612903226 0.4547048509643483 0.3032258064516129 0.4523670368205727 0.3109677419354839 0.45119812974868495 0.327741935483871 0.46230274693161894 0.3548387096774194
0 0.47691408533021623 0.48 0.47691408533021623 0.4967741935483871 0.47399181765049675 0.5238709677419355 0.46639392168322613 0.552258064516129 0.47340736411455286 0.5535483870967742 0.47632963179427235 0.5419354838709678 0.5195791934541204 0.5587096774193548 0.5219170075978959 0.5638709677419355 0.5248392752776154 0.56 0.5295149035651665 0.5380645161290323 0.5131502045587375 0.5225806451612903 0.5102279368790181 0.5135483870967742 0.516072472238457 0.4696774193548387 0.5149035651665692 0.45548387096774196 0.4915254237288135 0.4296774193548387 0.478082992402104 0.4232258064516129 0.47106954997077727 0.42451612903225805 0.46814728229105784 0.43483870967741933 0.4687317358270017 0.44903225806451613 0.47691408533021623 0.48
0 0.19053185271770892 0.30193548387096775 0.1928696668614845 0.34580645161290324 0.19812974868497954 0.32903225806451614 0.19871420222092342 0.3058064516129032 0.20397428404441845 0.29935483870967744 0.2004675628287551 0.2658064516129032 0.21098772647574515 0.2064516129032258 0.21215663354763295 0.19612903225806452 0.20981881940385738 0.18451612903225806 0.2022209234365868 0.17935483870967742 0.19579193454120397 0.18838709677419355 0.18351841028638222 0.25290322580645164 0.18351841028638222 0.2696774193548387 0.19053185271770892 0.30193548387096775
0 0.18234950321449445 0.4064516129032258 0.1852717708942139 0.4154838709677419 0.19637638807714786 0.4206451612903226 0.19696084161309174 0.4167741935483871 0.21215663354763295 0.40903225806451615 0.2150789012273524 0.4129032258064516 0.22910578609000584 0.4103225806451613 0.22092343658679134 0.39741935483870966 0.2150789012273524 0.3548387096774194 0.21800116890707188 0.33806451612903227 0.2168322618351841 0.31225806451612903 0.21917007597895966 0.29806451612903223 0.22443015780245468 0.2903225806451613 0.22793687901811804 0.2670967741935484 0.23495032144944475 0.2503225806451613 0.23261250730566918 0.2335483870967742 0.2232612507305669 0.2296774193548387 0.21917007597895966 0.24516129032258063 0.21157218001168906 0.2567741935483871 0.20397428404441845 0.27741935483870966 0.19111630625365283 0.3445161290322581 0.1940385739333723 0.3664516129032258 0.18234950321449445 0.4064516129032258
0 0.3535943892460549 0.6761290322580645 0.3419053185271771 0.6929032258064516 0.33489187609585036 0.712258064516129 0.3395675043834015 0.7251612903225807 0.3459964932787843 0.7251612903225807 0.34365867913500875 0.7148387096774194 0.3459964932787843 0.7032258064516129 0.3623611922852133 0.6787096774193548 0.3705435417884278 0.6516129032258065 0.37405026300409117 0.6516129032258065 0.38106370543541784 0.6645161290322581 0.385739333722969 0.7148387096774194 0.40035067212156633 0.72 0.39099941554646406 0.7006451612903226 0.3880771478667446 0.6529032258064517 0.38223261250730567 0.6154838709677419 0.3845704266510812 0.5948387096774194 0.3904149620105201 0.5832258064516129 0.3939216832261835 0.56 0.39801285797779073 0.5509677419354839 0.39801285797779073 0.5341935483870968 0.39216832261835183 0.5264516129032258 0.3869082407948568 0.5290322580645161 0.3682057276446522 0.5754838709677419 0.35885447106954993 0.6154838709677419 0.3535943892460549 0.6761290322580645
0 0.4418468731735827 0.9083870967741936 0.4389246054938632 0.9341935483870968 0.42022209234365865 0.9948387096774194 0.4307422559906487 0.9948387096774194 0.4324956165984804 0.9780645161290322 0.45178258328462884 0.9251612903225807 0.45879602571595557 0.9174193548387096 0.4628872004675628 0.9316129032258065 0.4640561075394506 0.9767741935483871 0.46230274693161894 0.9935483870967742 0.47691408533021623 0.9935483870967742 0.4722384570426651 0.983225806451613 0.4699006428988895 0.9664516129032258 0.4704850964348334 0.9212903225806451 0.472822910578609 0.9070967741935484 0.46814728229105784 0.8709677419354839 0.4716540035067212 0.8580645161290322 0.4774985388661601 0.807741935483871 0.48275862068965514 0.7909677419354839 0.48158971361776737 0.7716129032258064 0.47340736411455286 0.7677419354838709 0.4687317358270017 0.7741935483870968 0.4646405610753945 0.7948387096774193 0.4547048509643483 0.8116129032258065 0.4476914085330216 0.84 0.4476914085330216 0.8503225806451613 0.4406779661016949 0.8722580645161291 0.4389246054938632 0.8941935483870967 0.4418468731735827 0.9083870967741936
0 0.3758036236119228 0.44129032258064516 0.37755698421975453 0.4696774193548387 0.3682057276446522 0.5006451612903225 0.38340151957919344 0.5083870967741936 0.3845704266510812 0.5045161290322581 0.38047925189947396 0.4967741935483871 0.38223261250730567 0.4838709677419355 0.40035067212156633 0.48129032258064514 0.40561075394506135 0.38064516129032255 0.41145528930450026 0.36258064516129035 0.41145528930450026 0.3548387096774194 0.40561075394506135 0.34580645161290324 0.402104032729398 0.34838709677419355 0.4015195791934541 0.3574193548387097 0.385739333722969 0.3548387096774194 0.38164815897136173 0.37032258064516127 0.36879018118059614 0.38064516129032255 0.3652834599649328 0.4012903225806452 0.3646990064289889 0.41419354838709677 0.3758036236119228 0.44129032258064516
0 0.3144360023378141 0.17161290322580644 0.31209818819403856 0.1832258064516129 0.2998246639392168 0.20516129032258065 0.3004091174751607 0.2129032258064516 0.3033313851548802 0.2232258064516129 0.30683810637054354 0.2232258064516129 0.30683810637054354 0.2167741935483871 0.3278784336645236 0.2120425806451613 0.3278784336645236 0.22580645161290322 0.3343074225599065 0.2270967741935484 0.331385154880187 0.1870967741935484 0.33255406195207476 0.16774193548387098 0.32904734073641145 0.13806451612903226 0.3383985973115137 0.09419354838709677 0.3389830508474576 0.07354838709677419 0.336645236703682 0.06451612903225806 0.331385154880187 0.06193548387096774 0.32670952659263586 0.06709677419354838 0.31034482758620685 0.13161290322580646 0.3138515488018702 0.14451612903225808 0.3144360023378141 0.17161290322580644
0 0.34307422559906486 0.2903225806451613 0.347749853886616 0.30709677419354836 0.35768556399766216 0.3032258064516129 0.36002337814143776 0.29935483870967744 0.35827001753360604 0.2929032258064516 0.36002337814143776 0.2761290322580645 0.3763880771478667 0.2541935483870968 0.38223261250730567 0.23870967741935484 0.38164815897136173 0.2296774193548387 0.3798947983635301 0.2232258064516129 0.3734658094681473 0.2232258064516129 0.353009935710111 0.24774193548387097 0.3401519579193454 0.2541935483870968 0.33606078316773813 0.2670967741935484 0.336645236703682 0.28258064516129033 0.34307422559906486 0.2903225806451613
0 0.34132086499123315 0.33419354838709675 0.3459964932787843 0.33419354838709675 0.342489772063121 0.30838709677419357 0.33489187609585036 0.3135483870967742 0.3337229690239626 0.32387096774193547 0.34132086499123315 0.33419354838709675
0 0.3389830508474576 0.2541935483870968 0.36703682057276443 0.2335483870967742 0.3798947983635301 0.2167741935483871 0.38047925189947396 0.20516129032258065 0.37288135593220334 0.19483870967741934 0.35827001753360604 0.21548387096774194 0.34132086499123315 0.21806451612903227 0.33606078316773813 0.22580645161290322 0.33489187609585036 0.2361290322580645 0.3389830508474576 0.2541935483870968
0 0.3994140625 0.279296875 0.404296875 0.2890625 0.404296875 0.298828125 0.4013671875 0.306640625 0.3955078125 0.3125 0.3857421875 0.314453125 0.3681640625 0.36328125 0.3583984375 0.373046875 0.3525390625 0.3671875 0.3525390625 0.341796875 0.35546875 0.328125 0.36328125 0.30859375 0.359375 0.294921875 0.3603515625 0.27734375 0.3662109375 0.267578125 0.38671875 0.267578125 0.3984375 0.279296875
0 0.3874926943308007 0.33806451612903227 0.38866160140268846 0.3406451612903226 0.4015195791934541 0.3393548387096774 0.41262419637638803 0.34838709677419355 0.4213909994155464 0.3832258064516129 0.4330800701344243 0.39483870967741935 0.4336645236703682 0.3870967741935484 0.42781998831092927 0.37290322580645163 0.42314436002337813 0.3419354838709677 0.4324956165984804 0.3174193548387097 0.4324956165984804 0.3058064516129032 0.4295733489187609 0.29806451612903223 0.4248977206312098 0.2954838709677419 0.38866160140268846 0.3135483870967742 0.3933372296902396 0.32645161290322583 0.3874926943308007 0.33806451612903227