0 0.7408163265306122 0.5436962750716332 0.7462585034013605 0.5479942693409742 0.7493197278911564 0.5608882521489971 0.7557823129251701 0.6346704871060171 0.7520408163265305 0.6396848137535817 0.7517006802721088 0.6432664756446991 0.7649659863945578 0.6454154727793696 0.7676870748299319 0.6568767908309455 0.7619047619047619 0.6755014326647564 0.7670068027210883 0.6776504297994269 0.7738095238095237 0.6747851002865329 0.7761904761904761 0.6712034383954154 0.7765306122448979 0.666189111747851 0.7738095238095237 0.6568767908309455 0.7721088435374149 0.6368194842406877 0.7687074829931972 0.6224928366762178 0.7693877551020407 0.6181948424068767 0.780952380952381 0.5952722063037249 0.7829931972789115 0.5859598853868194 0.7816326530612244 0.5730659025787965 0.7785714285714285 0.563753581661891 0.7717687074829932 0.5551575931232091 0.7578231292517006 0.5300859598853868 0.7517006802721088 0.5143266475644699 0.7442176870748298 0.5107449856733525 0.7408163265306122 0.5136103151862464 0.7377551020408163 0.5214899713467048 0.7377551020408163 0.5372492836676218 0.7408163265306122 0.5436962750716332
0 0.692517006802721 0.4319484240687679 0.6947846938775509 0.43266475644699137 0.7027210884353741 0.4706303724928367 0.6959183673469387 0.48853868194842404 0.692517006802721 0.5050143266475644 0.696938775510204 0.5064469914040114 0.7006802721088435 0.5035816618911174 0.7037414965986394 0.5071633237822349 0.7027210884353741 0.5114613180515759 0.7129251700680271 0.5458452722063037 0.7078231292517007 0.5608882521489971 0.7098639455782313 0.5630372492836676 0.7204081632653061 0.5601719197707736 0.7214285714285714 0.5573065902578797 0.7193877551020408 0.5379656160458453 0.7204081632653061 0.5293696275071633 0.7153061224489795 0.5078796561604585 0.7272108843537415 0.48567335243553006 0.7272108843537415 0.4684813753581662 0.7176870748299319 0.4512893982808023 0.7136054421768707 0.4391117478510029 0.704421768707483 0.4262177650429799 0.7051020408163264 0.419054441260745 0.7027210884353741 0.409025787965616 0.695578231292517 0.4068767908309455 0.6921768707482993 0.41117478510028654 0.6904761904761905 0.42120343839541546 0.692517006802721 0.4319484240687679
0 0.6986394557823129 0.3875358166189112 0.7030612244897959 0.3954154727793696 0.7078231292517007 0.419054441260745 0.7081632653061224 0.4283667621776504 0.7170068027210884 0.44197707736389685 0.7187074829931972 0.43624641833810884 0.7251700680272108 0.4283667621776504 0.7268707482993196 0.4140401146131805 0.7251700680272108 0.40114613180515757 0.7180272108843537 0.3767908309455587 0.7071428571428571 0.35888252148997135 0.7061224489795918 0.3488538681948424 0.7034013605442176 0.34169054441260743 0.695578231292517 0.33882521489971346 0.6918367346938775 0.34169054441260743 0.6908163265306122 0.3459885386819484 0.6894557823129251 0.35243553008595985 0.6986394557823129 0.3875358166189112
0 0.6908163265306122 0.24355300859598852 0.692517006802721 0.25716332378223494 0.6962585034013605 0.25716332378223494 0.7040816326530612 0.27578796561604585 0.7040816326530612 0.2929799426934097 0.7023809523809523 0.3008595988538682 0.7020408163265306 0.3137535816618911 0.7054421768707483 0.32378223495702 0.7078231292517007 0.35243553008595985 0.7098639455782313 0.3545845272206304 0.7098639455782313 0.35959885386819485 0.7139455782312925 0.3481375358166189 0.7170068027210884 0.36174785100286533 0.7149659863945578 0.37249283667621774 0.7207482993197278 0.3760744985673352 0.7238095238095238 0.37249283667621774 0.7238095238095238 0.36103151862464183 0.7153061224489795 0.32449856733524357 0.7244897959183673 0.2936962750716332 0.7272108843537415 0.28939828080229224 0.7261904761904762 0.2793696275071633 0.7166666666666666 0.25429799426934097 0.7054421768707483 0.23853868194842406 0.7017006802721087 0.22277936962750716 0.6959183673469387 0.21848137535816617 0.6904761904761905 0.22779369627507162 0.6891156462585033 0.24068767908309455 0.6908163265306122 0.24355300859598852
0 0.7119047619047618 0.6389684813753581 0.7098639455782313 0.6611747851002865 0.7125850340136054 0.6712034383954154 0.7139455782312925 0.6855300859598854 0.7119047619047618 0.7270773638968481 0.7091836734693877 0.7464183381088825 0.7091836734693877 0.7936962750716332 0.70578231292517 0.8108882521489971 0.6993197278911564 0.8209169054441261 0.7027210884353741 0.8244985673352435 0.7136054421768707 0.8244985673352435 0.7159863945578231 0.8173352435530086 0.7217687074829932 0.813753581661891 0.7238095238095238 0.818051575931232 0.7316326530612245 0.8209169054441261 0.7343537414965986 0.8173352435530086 0.7357142857142857 0.7378223495702005 0.7377551020408163 0.7113180515759312 0.7329931972789115 0.6876790830945558 0.7346938775510203 0.6432664756446991 0.7329931972789115 0.6389684813753581 0.7268707482993196 0.6339541547277937 0.7258503401360543 0.6189111747851003 0.7207482993197278 0.6081661891117478 0.7163265306122448 0.6074498567335244 0.7129251700680271 0.6103151862464183 0.7095238095238094 0.6224928366762178 0.7098639455782313 0.6325214899713467 0.7119047619047618 0.6389684813753581
0 0.5506802721088435 0.7356733524355301 0.5530612244897959 0.748567335243553 0.5503401360544218 0.7757879656160458 0.5506802721088435 0.7858166189111747 0.5493197278911565 0.7893982808022922 0.5496598639455782 0.8037249283667621 0.551360544217687 0.7944126074498568 0.5534013605442176 0.7929799426934098 0.5710884353741497 0.8116045845272206 0.5812925170068027 0.8094555873925501 0.5826530612244898 0.8037249283667621 0.5812925170068027 0.7965616045845272 0.5758503401360544 0.7815186246418337 0.5744897959183674 0.7714899713467048 0.5714285714285714 0.7650429799426934 0.5724489795918367 0.751432664756447 0.5772108843537415 0.7478510028653295 0.5972789115646258 0.7686246418338109 0.6 0.7772206303724928 0.5996598639455782 0.7829512893982807 0.6020408163265306 0.7872492836676217 0.6027210884353741 0.7858166189111747 0.60578231292517 0.7686246418338109 0.6030612244897958 0.7700573065902578 0.6010204081632653 0.7657593123209169 0.6017006802721088 0.7621776504297995 0.6003401360544217 0.7585959885386819 0.5829931972789115 0.7378223495702005 0.5897959183673469 0.7127507163323782 0.5901360544217686 0.7055873925501432 0.5877551020408163 0.6941260744985673 0.5819727891156462 0.6898280802292264 0.5527210884353742 0.6912607449856734 0.5472789115646258 0.6862464183381088 0.5414965986394558 0.6869627507163324 0.5387755102040815 0.6926934097421203 0.5397959183673469 0.7098853868194842 0.5506802721088435 0.7356733524355301
0 0.541156462585034 0.6067335243553008 0.5404761904761904 0.6174785100286533 0.5387755102040815 0.6196275071633237 0.5431972789115646 0.6296561604584527 0.5499999999999999 0.6339541547277937 0.557142857142857 0.6275071633237822 0.5598639455782313 0.6318051575931232 0.5608843537414966 0.6375358166189111 0.557142857142857 0.6489971346704871 0.557142857142857 0.6561604584527221 0.5673469387755101 0.6812320916905444 0.5724489795918367 0.6819484240687679 0.5704081632653061 0.669054441260745 0.5751700680272108 0.6597421203438395 0.5833333333333333 0.664756446991404 0.5846938775510203 0.6762177650429799 0.5897959183673469 0.6747851002865329 0.5894557823129252 0.66189111747851 0.5836734693877551 0.6547277936962751 0.5795918367346938 0.6446991404011461 0.5846938775510203 0.6303724928366762 0.5857142857142856 0.6210601719197708 0.5853741496598639 0.6131805157593123 0.5833333333333333 0.6088825214899714 0.5748299319727891 0.6024355300859598 0.5544217687074829 0.5938395415472779 0.5455782312925169 0.5945558739255015 0.5431972789115646 0.6024355300859598 0.5374149659863945 0.6031518624641834 0.5370748299319728 0.6053008595988538 0.541156462585034 0.6067335243553008
0 0.5224489795918367 0.5322349570200573 0.5275510204081633 0.5365329512893983 0.5333333333333333 0.5487106017191977 0.5346938775510204 0.5651862464183381 0.5329931972789115 0.583810888252149 0.5363945578231292 0.5816618911174785 0.536734693877551 0.5673352435530086 0.5397959183673469 0.5616045845272206 0.541156462585034 0.5515759312320917 0.5469387755102041 0.5479942693409742 0.5510204081632653 0.5558739255014327 0.5537414965986395 0.5673352435530086 0.5568027210884353 0.5709169054441261 0.557142857142857 0.5752148997134671 0.5605442176870747 0.5716332378223495 0.5591836734693877 0.5659025787965616 0.5636054421768707 0.5580229226361031 0.5707482993197278 0.578080229226361 0.5816326530612245 0.589541547277937 0.5857142857142856 0.5902578796561604 0.5860544217687075 0.58810888252149 0.5819727891156462 0.5816618911174785 0.5806122448979592 0.5744985673352435 0.5761904761904761 0.5702005730659025 0.5724489795918367 0.5587392550143266 0.5714285714285714 0.5107449856733525 0.5670068027210884 0.4978510028653295 0.5568027210884353 0.492836676217765 0.5503401360544218 0.4978510028653295 0.536734693877551 0.498567335243553 0.5319727891156463 0.502865329512894 0.5227891156462585 0.504297994269341 0.5197278911564626 0.5121776504297995 0.519047619047619 0.5164756446991404 0.5224489795918367 0.5322349570200573
0 0.5027210884353741 0.4477077363896848 0.4993197278911564 0.4731375358166189 0.4928571428571428 0.501432664756447 0.49795918367346936 0.5021489971346704 0.5006802721088435 0.49426934097421205 0.5081632653061224 0.5050143266475644 0.5088435374149659 0.5157593123209169 0.5122448979591836 0.5157593123209169 0.514625850340136 0.5021489971346704 0.5200680272108843 0.4921203438395415 0.5258503401360544 0.48782234957020054 0.527891156462585 0.4813753581661891 0.5360544217687074 0.48567335243553006 0.5452380952380952 0.48638968481375355 0.551360544217687 0.4921203438395415 0.5540816326530612 0.4906876790830945 0.5537414965986395 0.47707736389684813 0.5448979591836735 0.47206303724928367 0.5387755102040815 0.4613180515759312 0.5418367346938775 0.4491404011461318 0.5431972789115646 0.4283667621776504 0.5374149659863945 0.414756446991404 0.5319727891156463 0.413323782234957 0.5227891156462585 0.417621776504298 0.5153061224489796 0.417621776504298 0.5122448979591836 0.4154727793696275 0.5091836734693878 0.407593123209169 0.5051020408163265 0.40616045845272203 0.5017006802721088 0.407593123209169 0.49761904761904757 0.4169054441260745 0.49795918367346936 0.4312320916905444 0.5027210884353741 0.4477077363896848
0 0.519047619047619 0.32593123209169056 0.5183673469387755 0.35744985673352436 0.524829931972789 0.3818051575931232 0.527891156462585 0.3997134670487106 0.5282312925170067 0.41117478510028654 0.529251700680272 0.413323782234957 0.5329931972789115 0.41189111747851004 0.5329931972789115 0.3825214899713467 0.5370748299319728 0.3638968481375358 0.5408163265306122 0.35673352435530087 0.5408163265306122 0.33882521489971346 0.5227891156462585 0.27578796561604585 0.5153061224489796 0.27292263610315187 0.5139455782312925 0.27650429799426934 0.5119047619047619 0.28796561604584525 0.519047619047619 0.32593123209169056
0 0.43503401360544214 0.6969914040114613 0.43911564625850336 0.7012893982808023 0.43911564625850336 0.7063037249283668 0.4431972789115646 0.7120343839541547 0.4418367346938775 0.7220630372492837 0.43537414965986393 0.7234957020057307 0.43571428571428567 0.744269340974212 0.43809523809523804 0.744269340974212 0.4397959183673469 0.7478510028653295 0.4370748299319728 0.7650429799426934 0.4377551020408163 0.7722063037249284 0.4431972789115646 0.7757879656160458 0.4527210884353741 0.7750716332378224 0.45374149659863944 0.7722063037249284 0.4530612244897959 0.7686246418338109 0.4738095238095238 0.7478510028653295 0.4806122448979592 0.7671919770773639 0.4850340136054421 0.7657593123209169 0.4843537414965986 0.7600286532951289 0.4775510204081632 0.7406876790830945 0.4738095238095238 0.7127507163323782 0.4741496598639455 0.6948424068767908 0.47823129251700675 0.6669054441260744 0.48163265306122444 0.664756446991404 0.4846938775510204 0.6561604584527221 0.4846938775510204 0.6468481375358166 0.4812925170068027 0.6368194842406877 0.47176870748299315 0.6332378223495702 0.46836734693877546 0.6404011461318051 0.45034013605442175 0.6532951289398281 0.4387755102040816 0.6561604584527221 0.43503401360544214 0.6611747851002865 0.43163265306122445 0.671919770773639 0.43197278911564624 0.6855300859598854 0.43503401360544214 0.6969914040114613
0 0.43571428571428567 0.6568767908309455 0.4564625850340136 0.6540114613180515 0.4605442176870748 0.6482808022922636 0.46734693877551015 0.6439828080229226 0.4727891156462585 0.6289398280802292 0.46836734693877546 0.6103151862464183 0.4629251700680272 0.5981375358166189 0.4564625850340136 0.5988538681948424 0.45034013605442175 0.6038681948424068 0.43809523809523804 0.6053008595988538 0.4289115646258503 0.6181948424068767 0.4261904761904762 0.6303724928366762 0.4261904761904762 0.6368194842406877 0.43571428571428567 0.6568767908309455
0 0.4289115646258503 0.6189111747851003 0.43843537414965983 0.6053008595988538 0.4482993197278911 0.6067335243553008 0.4595238095238095 0.5981375358166189 0.4636054421768707 0.6024355300859598 0.46870748299319726 0.5938395415472779 0.4724489795918367 0.5916905444126074 0.4772108843537415 0.5967048710601719 0.4775510204081632 0.5716332378223495 0.47074829931972784 0.5630372492836676 0.4615646258503401 0.5644699140401146 0.4564625850340136 0.5623209169054441 0.4452380952380952 0.5744985673352435 0.44251700680272105 0.5737822349570201 0.43639455782312925 0.5787965616045845 0.42857142857142855 0.5924068767908309 0.42551020408163265 0.6024355300859598 0.42448979591836733 0.6124641833810888 0.4289115646258503 0.6189111747851003
0 0.4629251700680272 0.5601719197707736 0.4727891156462585 0.5623209169054441 0.477891156462585 0.5687679083094556 0.4806122448979592 0.5759312320916905 0.48571428571428565 0.578080229226361 0.48911564625850334 0.5845272206303724 0.49353741496598635 0.6017191977077364 0.4982993197278911 0.6045845272206304 0.4948979591836734 0.5931232091690545 0.49251700680272104 0.5644699140401146 0.4952380952380952 0.5587392550143266 0.49693877551020404 0.5487106017191977 0.501360544217687 0.5429799426934098 0.5023809523809524 0.5386819484240688 0.5037414965986394 0.5293696275071633 0.49999999999999994 0.5186246418338109 0.4945578231292517 0.5171919770773639 0.49013605442176866 0.5236389684813754 0.4772108843537415 0.5243553008595988 0.47074829931972784 0.5293696275071633 0.458843537414966 0.5329512893982807 0.45374149659863944 0.5393982808022922 0.45340136054421765 0.5465616045845272 0.4629251700680272 0.5601719197707736
0 0.41734693877551016 0.5250716332378224 0.41666666666666663 0.5365329512893983 0.432312925170068 0.5787965616045845 0.4340136054421768 0.5752148997134671 0.4520408163265306 0.5608882521489971 0.4476190476190476 0.5429799426934098 0.44625850340136053 0.5193409742120344 0.45238095238095233 0.4992836676217765 0.45680272108843534 0.489971346704871 0.4581632653061224 0.4813753581661891 0.4554421768707483 0.47349570200573066 0.45238095238095233 0.4713467048710602 0.4472789115646258 0.47277936962750716 0.4431972789115646 0.48495702005730656 0.4387755102040816 0.48782234957020054 0.4312925170068027 0.4992836676217765 0.42517006802721086 0.5035816618911174 0.4183673469387755 0.5150429799426934 0.4163265306122449 0.5186246418338109 0.41734693877551016 0.5250716332378224
0 0.4496598639455782 0.5472779369627507 0.45374149659863944 0.5386819484240688 0.4663265306122449 0.5286532951289398 0.47108843537414963 0.5193409742120344 0.47176870748299315 0.5078796561604585 0.4775510204081632 0.5021489971346704 0.4775510204081632 0.48710601719197705 0.47176870748299315 0.4799426934097421 0.46802721088435373 0.4806590257879656 0.4636054421768707 0.491404011461318 0.458843537414966 0.49426934097421205 0.4479591836734694 0.5150429799426934 0.44625850340136053 0.5257879656160458 0.4496598639455782 0.5472779369627507
0 0.41870748299319727 0.4935530085959885 0.42448979591836733 0.5007163323782234 0.4302721088435374 0.498567335243553 0.44285714285714284 0.4813753581661891 0.4442176870748299 0.47206303724928367 0.44625850340136053 0.4699140401146132 0.45442176870748296 0.4391117478510029 0.45986394557823124 0.43266475644699137 0.45986394557823124 0.4283667621776504 0.45578231292517 0.414756446991404 0.44897959183673464 0.41189111747851004 0.44659863945578226 0.414756446991404 0.4452380952380952 0.42550143266475643 0.42108843537414964 0.45272206303724927 0.41428571428571426 0.4677650429799427 0.41428571428571426 0.48424068767908307 0.41870748299319727 0.4935530085959885
0 0.3656462585034013 0.42191977077363896 0.36632653061224485 0.43553008595988535 0.36292517006802716 0.45487106017191975 0.36326530612244895 0.4598853868194842 0.34829931972789113 0.49570200573065903 0.3476190476190476 0.5050143266475644 0.35578231292517004 0.5143266475644699 0.35680272108843536 0.5121776504297995 0.35612244897959183 0.5 0.3578231292517007 0.491404011461318 0.37006802721088433 0.4706303724928367 0.3758503401360544 0.45272206303724927 0.38061224489795914 0.4498567335243553 0.38537414965986394 0.4577363896848137 0.38537414965986394 0.4677650429799427 0.38877551020408163 0.49498567335243554 0.38809523809523805 0.4978510028653295 0.38945578231292516 0.5021489971346704 0.391156462585034 0.5050143266475644 0.4010204081632653 0.5071633237822349 0.4020408163265306 0.5050143266475644 0.401360544217687 0.498567335243553 0.39557823129251696 0.48853868194842404 0.39285714285714285 0.47349570200573066 0.3908163265306122 0.45702005730659023 0.3942176870748299 0.4391117478510029 0.3904761904761905 0.43266475644699137 0.38945578231292516 0.4269340974212034 0.3908163265306122 0.4154727793696275 0.38945578231292516 0.41117478510028654 0.38945578231292516 0.40114613180515757 0.3976190476190476 0.35959885386819485 0.39625850340136054 0.3459885386819484 0.3942176870748299 0.34169054441260743 0.38911564625850337 0.34169054441260743 0.3863945578231292 0.3445558739255014 0.38503401360544215 0.3481375358166189 0.386734693877551 0.35171919770773635 0.3863945578231292 0.35673352435530087 0.37755102040816324 0.3674785100286533 0.3727891156462585 0.3846704871060172 0.3704081632653061 0.40257879656160456 0.3656462585034013 0.42191977077363896
0 0.4010204081632653 0.42120343839541546 0.401360544217687 0.414756446991404 0.404421768707483 0.41117478510028654 0.4047619047619047 0.40616045845272203 0.4119047619047619 0.3946991404011461 0.4153061224489796 0.3832378223495702 0.41870748299319727 0.3803724928366762 0.4261904761904762 0.3868194842406877 0.42755102040816323 0.3954154727793696 0.4265306122448979 0.4004297994269341 0.42857142857142855 0.413323782234957 0.427891156462585 0.42120343839541546 0.42857142857142855 0.42550143266475643 0.43197278911564624 0.42478510028653294 0.4333333333333333 0.3825214899713467 0.42959183673469387 0.3660458452722063 0.42959183673469387 0.35816618911174786 0.43537414965986393 0.32378223495702 0.44251700680272105 0.30873925501432664 0.4442176870748299 0.3001432664756447 0.4421768707482993 0.28724928366762176 0.43945578231292515 0.2822349570200573 0.43571428571428567 0.2815186246418338 0.432312925170068 0.2843839541547278 0.42959183673469387 0.2929799426934097 0.42959183673469387 0.2994269340974212 0.4227891156462585 0.30730659025787965 0.41428571428571426 0.32521489971346706 0.4051020408163265 0.36031518624641834 0.40646258503401356 0.3753581661891117 0.40374149659863945 0.3975644699140401 0.39591836734693875 0.4154727793696275 0.39557823129251696 0.42191977077363896 0.4010204081632653 0.42120343839541546
0 0.36428571428571427 0.3868194842406877 0.3656462585034013 0.38968481375358166 0.37312925170068023 0.3832378223495702 0.37721088435374145 0.3667621776504298 0.38469387755102036 0.3624641833810888 0.3843537414965986 0.3459885386819484 0.39251700680272106 0.336676217765043 0.3972789115646258 0.3173352435530086 0.39489795918367343 0.2987106017191977 0.39625850340136054 0.2851002865329513 0.3935374149659864 0.27435530085959886 0.386734693877551 0.2722063037249284 0.3843537414965986 0.27578796561604585 0.38197278911564625 0.28796561604584525 0.3765306122448979 0.2979942693409742 0.3683673469387755 0.3431232091690544 0.3687074829931973 0.3624641833810888 0.36428571428571427 0.3868194842406877
0 0.13945578231292516 0.6253581661891118 0.14523809523809522 0.6232091690544412 0.14591836734693878 0.6303724928366762 0.15272108843537413 0.6275071633237822 0.14625850340136054 0.6210601719197708 0.14523809523809522 0.6045845272206304 0.141156462585034 0.6038681948424068 0.1377551020408163 0.6074498567335244 0.13707482993197279 0.6189111747851003 0.13945578231292516 0.6253581661891118
0 0.12789115646258503 0.5487106017191977 0.13673469387755102 0.5924068767908309 0.1431972789115646 0.5974212034383954 0.14727891156462583 0.5974212034383954 0.14897959183673468 0.579512893982808 0.14795918367346939 0.5436962750716332 0.15442176870748298 0.5207736389684814 0.15442176870748298 0.49641833810888253 0.15068027210884352 0.49641833810888253 0.14761904761904762 0.4921203438395415 0.14387755102040814 0.4935530085959885 0.13707482993197279 0.5107449856733525 0.1336734693877551 0.5300859598853868 0.12789115646258503 0.5487106017191977
0 0.13673469387755102 0.5924068767908309 0.1377551020408163 0.6454154727793696 0.14217687074829932 0.6504297994269341 0.15102040816326529 0.6504297994269341 0.15102040816326529 0.6468481375358166 0.14761904761904762 0.6418338108882521 0.15 0.6318051575931232 0.15442176870748298 0.6303724928366762 0.15476190476190474 0.6267908309455588 0.1486394557823129 0.6210601719197708 0.14693877551020407 0.6088825214899714 0.14931972789115644 0.5773638968481375 0.15 0.5358166189111747 0.15442176870748298 0.5236389684813754 0.15680272108843538 0.4992836676217765 0.16054421768707483 0.4806590257879656 0.15714285714285714 0.4677650429799427 0.15238095238095237 0.46489971346704867 0.14727891156462583 0.4663323782234957 0.14387755102040814 0.47349570200573066 0.12891156462585032 0.5436962750716332 0.1302721088435374 0.5601719197707736 0.13673469387755102 0.5924068767908309