0 0.8045157456922163 0.3136729222520107 0.799762329174094 0.32439678284182305 0.805704099821747 0.3257372654155496 0.8092691622103387 0.32171581769436997 0.8092691622103387 0.3136729222520107 0.8128342245989305 0.3109919571045576 0.8223410576351753 0.3136729222520107 0.8211527035056447 0.2989276139410188 0.815805109922757 0.2801608579088472 0.8241235888294712 0.25335120643431636 0.8205585264408795 0.22788203753351208 0.8110516934046347 0.19571045576407506 0.8062982768865122 0.19034852546916892 0.8003565062388592 0.19839142091152814 0.8062982768865122 0.22654155495978553 0.8045157456922163 0.3136729222520107
0 0.9750445632798574 0.5536193029490617 0.9809863339275104 0.5710455764075067 0.9857397504456329 0.5710455764075067 0.9904931669637552 0.5563002680965148 0.9970291146761736 0.4772117962466488 0.9863339275103982 0.4168900804289544 0.9786096256684492 0.4101876675603217 0.9738562091503269 0.41823056300268097 0.9774212715389187 0.45576407506702415 0.9750445632798574 0.5536193029490617
0 0.7183600713012478 0.7680965147453084 0.728461081402258 0.7694369973190349 0.7338086749851456 0.7319034852546917 0.740344622697564 0.7319034852546917 0.7456922162804516 0.7560321715817695 0.744503862150921 0.772117962466488 0.7498514557338087 0.7734584450402144 0.7510398098633393 0.7613941018766757 0.744503862150921 0.7265415549597856 0.746286393345217 0.6434316353887399 0.734402852049911 0.6058981233243967 0.7308377896613191 0.6058981233243967 0.7272727272727273 0.6166219839142091 0.7219251336898396 0.7613941018766757 0.7183600713012478 0.7680965147453084
0 0.6666666666666667 0.5697050938337802 0.6619132501485443 0.5804289544235925 0.6654783125371361 0.5924932975871314 0.674985145573381 0.5911528150134049 0.6720142602495545 0.561662198391421 0.6720142602495545 0.5268096514745308 0.6785502079619727 0.49865951742627346 0.6743909685086156 0.4932975871313673 0.673202614379085 0.46782841823056304 0.6684491978609626 0.4383378016085791 0.663101604278075 0.43699731903485256 0.6595365418894831 0.4436997319034853 0.6601307189542485 0.5160857908847185 0.6666666666666667 0.5697050938337802
0 0.5834818775995247 0.2761394101876676 0.5876411170528818 0.30160857908847183 0.5876411170528818 0.3445040214477212 0.5894236482471777 0.3512064343163539 0.5894236482471777 0.3699731903485255 0.5834818775995247 0.386058981233244 0.5935828877005348 0.38471849865951746 0.6030897207367796 0.3726541554959786 0.5965537730243613 0.34316353887399464 0.6013071895424837 0.3136729222520107 0.5906120023767083 0.25603217158176944 0.5846702317290553 0.25067024128686327 0.5799168152109329 0.2587131367292225 0.5793226381461676 0.2667560321715818 0.5834818775995247 0.2761394101876676
0 0.4896019013666073 0.20241286863270777 0.4943553178847297 0.21983914209115282 0.4955436720142603 0.23994638069705093 0.4979203802733215 0.24128686327077747 0.500891265597148 0.23056300268096516 0.49970291146761736 0.19436997319034852 0.5020796197266786 0.17560321715817695 0.5020796197266786 0.1380697050938338 0.4973262032085562 0.13136729222520108 0.4943553178847297 0.11662198391420912 0.4896019013666073 0.1193029490616622 0.4866310160427808 0.13672922252010725 0.4901960784313726 0.16219839142091153 0.4896019013666073 0.20241286863270777
0 0.4800950683303625 0.24128686327077747 0.4860368389780155 0.2479892761394102 0.4854426619132502 0.2613941018766756 0.48781937017231136 0.26273458445040215 0.4866310160427808 0.1769436997319035 0.489007724301842 0.15951742627345844 0.4836601307189543 0.14745308310991959 0.48187759952465836 0.13270777479892762 0.4753416518122401 0.13404825737265416 0.47474747474747475 0.225201072386059 0.4800950683303625 0.24128686327077747
0 0.4527629233511587 0.26541554959785524 0.45811051693404636 0.2640750670241287 0.46286393345216875 0.28820375335120646 0.4604872251931076 0.3136729222520107 0.4634581105169341 0.31501340482573725 0.4682115270350565 0.29758713136729226 0.4676173499702912 0.2855227882037534 0.477124183006536 0.26541554959785524 0.4795008912655972 0.23726541554959785 0.4753416518122401 0.22922252010723862 0.459298871063577 0.225201072386059 0.45098039215686275 0.24664879356568364 0.4497920380273322 0.257372654155496 0.4527629233511587 0.26541554959785524
0 0.4705882352941177 0.289544235924933 0.47593582887700536 0.2962466487935657 0.477124183006536 0.3203753351206434 0.4741532976827095 0.3579088471849866 0.4973262032085562 0.33646112600536193 0.5086155674390969 0.339142091152815 0.5014854426619133 0.32707774798927614 0.4991087344028521 0.30831099195710454 0.5014854426619133 0.289544235924933 0.4979203802733215 0.27882037533512066 0.4925727866904338 0.2734584450402145 0.4860368389780155 0.27479892761394104 0.4812834224598931 0.2680965147453083 0.47474747474747475 0.2734584450402145 0.4705882352941177 0.2828418230563003 0.4705882352941177 0.289544235924933
0 0.48484848484848486 0.42091152815013405 0.4979203802733215 0.4316353887399464 0.5151515151515151 0.435656836461126 0.5193107546048723 0.43967828418230565 0.5222816399286988 0.450402144772118 0.5258467023172906 0.44638069705093836 0.5252525252525253 0.4383378016085791 0.5121806298276886 0.42359249329758714 0.5121806298276886 0.39276139410187666 0.5086155674390969 0.38069705093833783 0.4800950683303625 0.36863270777479895 0.47771836007130125 0.37801608579088475 0.48484848484848486 0.42091152815013405
0 0.4901960784313726 0.49463806970509383 0.4872251931075461 0.4973190348525469 0.4872251931075461 0.5040214477211796 0.49079025549613786 0.5013404825737265 0.4973262032085562 0.5067024128686327 0.49673202614379086 0.514745308310992 0.5115864527629234 0.5080428954423593 0.5163398692810458 0.5160857908847185 0.5181224004753416 0.49463806970509383 0.5157456922162805 0.4865951742627346 0.5163398692810458 0.45844504021447724 0.506833036244801 0.4410187667560322 0.4919786096256685 0.42761394101876676 0.4854426619132502 0.4289544235924933 0.49079025549613786 0.4772117962466488 0.4901960784313726 0.49463806970509383
0 0.4396910279263221 0.8042895442359249 0.4468211527035057 0.8203753351206434 0.4497920380273322 0.8203753351206434 0.44800950683303625 0.8029490616621984 0.4616755793226382 0.7788203753351206 0.46583481877599525 0.7613941018766757 0.47177658942364825 0.7654155495978553 0.47296494355317886 0.8083109919571045 0.48484848484848486 0.8096514745308311 0.477124183006536 0.7908847184986595 0.47771836007130125 0.7667560321715818 0.48068924539512775 0.7627345844504022 0.47890671420083186 0.7184986595174263 0.4854426619132502 0.6796246648793566 0.4842543077837196 0.6648793565683646 0.477124183006536 0.6635388739946381 0.4664289958407606 0.6957104557640751 0.45395127748068925 0.7774798927613941 0.4396910279263221 0.8042895442359249
0 0.41235888294711825 0.5442359249329759 0.40641711229946526 0.5670241286863271 0.40819964349376114 0.579088471849866 0.4058229352347 0.593833780160858 0.39453357100415926 0.6166219839142091 0.40047534165181226 0.631367292225201 0.4040404040404041 0.6300268096514745 0.40225787284610814 0.6152815013404825 0.41414141414141414 0.5871313672922253 0.42245989304812837 0.5884718498659518 0.4248366013071896 0.6246648793565683 0.43434343434343436 0.6260053619302949 0.42840166369578137 0.6058981233243967 0.423648247177659 0.5536193029490617 0.42602495543672014 0.4932975871313673 0.4206773618538325 0.48525469168900803 0.41532976827094475 0.49463806970509383 0.41117052881758764 0.5308310991957105 0.41235888294711825 0.5442359249329759
0 0.38859180035650626 0.5 0.376114081996435 0.5294906166219839 0.376114081996435 0.5348525469168901 0.3832442067736186 0.5455764075067024 0.3862150920974451 0.5428954423592494 0.38562091503267976 0.5241286863270778 0.39572192513368987 0.5026809651474531 0.39750445632798576 0.49195710455764075 0.4070112893642306 0.4973190348525469 0.4099821746880571 0.5281501340482574 0.41235888294711825 0.5281501340482574 0.41354723707664887 0.5067024128686327 0.41057635175282237 0.4544235924932976 0.41354723707664887 0.4383378016085791 0.42008318478906714 0.435656836461126 0.4159239453357101 0.42359249329758714 0.41651812240047537 0.40214477211796246 0.40819964349376114 0.403485254691689 0.393939393939394 0.44906166219839144 0.39453357100415926 0.46514745308310995 0.38859180035650626 0.5
0 0.40760546642899587 0.4061662198391421 0.41117052881758764 0.41420911528150134 0.4129530600118836 0.4075067024128686 0.41948900772430187 0.41152815013404825 0.42127153891859775 0.4450402144772118 0.42721330956625075 0.4436997319034853 0.4248366013071896 0.42359249329758714 0.42899584076054664 0.35254691689008044 0.417706476530006 0.3418230563002681 0.40760546642899587 0.3632707774798928 0.40463458110516937 0.37801608579088475 0.40760546642899587 0.4061662198391421
0 0.4456327985739751 0.4075067024128686 0.44325609031491386 0.3873994638069705 0.44622697563874036 0.36863270777479895 0.44206773618538325 0.3672922252010724 0.43909685086155675 0.37801608579088475 0.4367201426024956 0.4061662198391421 0.4456327985739751 0.4075067024128686
0 0.45513963161021986 0.3699731903485255 0.4563279857397505 0.39946380697050937 0.45989304812834225 0.3900804289544236 0.45811051693404636 0.306970509383378 0.45216874628639336 0.306970509383378 0.43731431966726086 0.3351206434316354 0.4367201426024956 0.3445040214477212 0.45513963161021986 0.3699731903485255
0 0.41117052881758764 0.3418230563002681 0.4188948306595366 0.34048257372654156 0.43612596553773025 0.3136729222520107 0.43909685086155675 0.29356568364611263 0.4349376114081997 0.29088471849865954 0.43137254901960786 0.29758713136729226 0.40819964349376114 0.3136729222520107 0.40760546642899587 0.3230563002680965 0.41117052881758764 0.3418230563002681
0 0.399881164587047 0.3163538873994638 0.3921568627450981 0.3445040214477212 0.39869281045751637 0.34718498659517427 0.40166369578134287 0.3445040214477212 0.40047534165181226 0.33109919571045576 0.40938799762329176 0.3109919571045576 0.4159239453357101 0.3042895442359249 0.41414141414141414 0.2855227882037534 0.423648247177659 0.25335120643431636 0.42305407011289364 0.24262734584450402 0.41830065359477125 0.23994638069705093 0.40641711229946526 0.2546916890080429 0.39572192513368987 0.2801608579088472 0.39572192513368987 0.29490616621983917 0.399881164587047 0.3163538873994638
0 0.38265002970885326 0.25067024128686327 0.38562091503267976 0.2587131367292225 0.39750445632798576 0.22788203753351208 0.40760546642899587 0.2520107238605898 0.41235888294711825 0.24932975871313673 0.41057635175282237 0.18766756032171583 0.4159239453357101 0.1648793565683646 0.4147355912061795 0.14879356568364613 0.40938799762329176 0.14879356568364613 0.4010695187165776 0.1742627345844504 0.39275103980986337 0.225201072386059 0.38265002970885326 0.25067024128686327
0 0.30421865715983365 0.2962466487935657 0.31491384432560904 0.2680965147453083 0.31788472964943554 0.22922252010723862 0.3107546048722519 0.19839142091152814 0.30718954248366015 0.19839142091152814 0.29946524064171126 0.2225201072386059 0.30005941770647654 0.2680965147453083 0.30421865715983365 0.2962466487935657
0 0.28936423054070115 0.39946380697050937 0.29233511586452765 0.4075067024128686 0.29649435531788476 0.4075067024128686 0.29708853238265004 0.386058981233244 0.3048128342245989 0.3672922252010724 0.30956625074272137 0.3820375335120644 0.31016042780748665 0.39946380697050937 0.32026143790849676 0.403485254691689 0.3137254901960784 0.386058981233244 0.31253713606654787 0.33646112600536193 0.3163992869875223 0.3257372654155496 0.32382650029708854 0.3230563002680965 0.32917409387997626 0.3136729222520107 0.32798573975044565 0.306970509383378 0.32442067736185387 0.31233243967828417 0.31788472964943554 0.306970509383378 0.31788472964943554 0.2989276139410188 0.32382650029708854 0.27882037533512066 0.32085561497326204 0.26943699731903487 0.31729055258467026 0.2680965147453083 0.3107546048722519 0.27882037533512066 0.30362448009506837 0.3002680965147453 0.29946524064171126 0.3257372654155496 0.29887106357694593 0.3632707774798928 0.28936423054070115 0.39946380697050937