0 0.756387403446227 0.5308310991957105 0.7617349970291147 0.5375335120643432 0.7617349970291147 0.5495978552278821 0.7647058823529412 0.5603217158176944 0.7718360071301248 0.6970509383378016 0.768270944741533 0.7037533512064343 0.781937017231135 0.7158176943699732 0.7825311942959002 0.725201072386059 0.7789661319073085 0.7372654155495979 0.7944147355912062 0.7345844504021448 0.7967914438502675 0.7238605898123325 0.786096256684492 0.6581769436997319 0.7944147355912062 0.613941018766756 0.797979797979798 0.6058981233243967 0.7967914438502675 0.5777479892761395 0.7688651218062983 0.49463806970509383 0.7611408199643495 0.4906166219839142 0.75222816399287 0.5026809651474531 0.7516339869281046 0.5160857908847185 0.756387403446227 0.5308310991957105
0 0.758169934640523 0.4222520107238606 0.7605466428995842 0.42359249329758714 0.7771836007130125 0.5187667560321716 0.781937017231135 0.5361930294906166 0.786096256684492 0.5455764075067024 0.7884729649435532 0.5442359249329759 0.8003565062388592 0.5067024128686327 0.8003565062388592 0.4785522788203753 0.786096256684492 0.43297587131367293 0.775995246583482 0.41420911528150134 0.7724301841948902 0.3967828418230563 0.7664884135472372 0.3941018766756032 0.7611408199643495 0.39946380697050937 0.7575757575757576 0.41420911528150134 0.758169934640523 0.4222520107238606
0 0.734402852049911 0.3632707774798928 0.7332144979203803 0.3766756032171582 0.7433155080213905 0.3914209115281501 0.7379679144385027 0.4262734584450402 0.746286393345217 0.4932975871313673 0.7409387997623292 0.5093833780160858 0.7468805704099822 0.5120643431635389 0.75222816399287 0.4932975871313673 0.7498514557338087 0.45844504021447724 0.7534165181224005 0.41823056300268097 0.7593582887700535 0.39812332439678283 0.7647058823529412 0.3900804289544236 0.764111705288176 0.3833780160857909 0.7427213309566251 0.306970509383378 0.7338086749851456 0.3042895442359249 0.7278669043374926 0.3136729222520107 0.7272727272727273 0.3257372654155496 0.734402852049911 0.3632707774798928
0 0.4783125371360666 0.0871313672922252 0.4735591206179442 0.11662198391420912 0.47593582887700536 0.12064343163538874 0.4765300059417707 0.14075067024128687 0.4824717765894237 0.16621983914209115 0.483065953654189 0.1742627345844504 0.4800950683303625 0.1836461126005362 0.483065953654189 0.19168900804289546 0.4812834224598931 0.19839142091152814 0.48781937017231136 0.20241286863270777 0.4913844325609032 0.19839142091152814 0.49376114081996436 0.17828418230563003 0.4884135472370767 0.14879356568364613 0.4943553178847297 0.13270777479892762 0.5038621509209745 0.12064343163538874 0.5062388591800356 0.10187667560321716 0.4985145573380868 0.07506702412868632 0.4872251931075461 0.054959785522788206 0.48068924539512775 0.030831099195710455 0.4741532976827095 0.032171581769437 0.471182412358883 0.04289544235924933 0.4735591206179442 0.06970509383378017 0.4783125371360666 0.0871313672922252
0 0.5300059417706476 0.45308310991957107 0.5436720142602496 0.4544235924932976 0.5466428995840761 0.4517426273458445 0.5466428995840761 0.4450402144772118 0.5442661913250149 0.4383378016085791 0.5430778371954843 0.4008042895442359 0.5490196078431373 0.3941018766756032 0.5620915032679739 0.40214477211796246 0.5680332739156269 0.41420911528150134 0.572192513368984 0.41420911528150134 0.5597147950089127 0.3766756032171582 0.566250742721331 0.3485254691689008 0.566250742721331 0.339142091152815 0.5371360665478313 0.2640750670241287 0.5300059417706476 0.2640750670241287 0.5258467023172906 0.2734584450402145 0.52465834818776 0.289544235924933 0.5300059417706476 0.45308310991957107
0 0.5513963161021985 0.5388739946380697 0.5567439096850861 0.5415549597855228 0.560308972073678 0.5201072386058981 0.5537730243612596 0.5120643431635389 0.5502079619726679 0.5187667560321716 0.5513963161021985 0.5388739946380697
0 0.5537730243612596 0.4410187667560322 0.5585264408793821 0.47319034852546915 0.5567439096850861 0.49195710455764075 0.5626856803327392 0.4772117962466488 0.5668449197860963 0.4745308310991957 0.5852644087938206 0.48257372654155495 0.5953654188948307 0.4812332439678284 0.6048722519310755 0.4517426273458445 0.6030897207367796 0.43297587131367293 0.5953654188948307 0.4195710455764075 0.5674390968508616 0.4168900804289544 0.560308972073678 0.40214477211796246 0.5525846702317291 0.403485254691689 0.5490196078431373 0.4128686327077748 0.548425430778372 0.43029490616621985 0.5537730243612596 0.4410187667560322
0 0.5793226381461676 0.5442359249329759 0.5846702317290553 0.5428954423592494 0.5923945335710042 0.5495978552278821 0.5953654188948307 0.5589812332439679 0.6161616161616162 0.5522788203753352 0.619726678550208 0.5067024128686327 0.613784907902555 0.4865951742627346 0.607843137254902 0.4812332439678284 0.5870469399881165 0.48525469168900803 0.5668449197860963 0.47587131367292224 0.560308972073678 0.4879356568364611 0.5597147950089127 0.5013404825737265 0.5793226381461676 0.5442359249329759
0 0.6007130124777184 0.5764075067024129 0.6298276886512181 0.613941018766756 0.6369578134284017 0.6018766756032171 0.637551990493167 0.5924932975871314 0.6405228758169935 0.5884718498659518 0.6399286987522282 0.5831099195710456 0.631610219845514 0.5750670241286864 0.6232917409387998 0.5576407506702413 0.6149732620320856 0.5549597855227882 0.5953654188948307 0.5630026809651475 0.5941770647653001 0.5804289544235925 0.6007130124777184 0.5764075067024129
0 0.5828877005347594 0.5844504021447722 0.5858585858585859 0.6085790884718498 0.5805109922756982 0.6595174262734584 0.5834818775995247 0.6983914209115282 0.5888294711824124 0.7024128686327078 0.5935828877005348 0.6943699731903485 0.6001188354129531 0.7091152815013405 0.5953654188948307 0.7198391420911529 0.6090314913844326 0.7184986595174263 0.6125965537730244 0.7117962466487936 0.6054664289958408 0.693029490616622 0.6054664289958408 0.6648793565683646 0.6072489601901367 0.6595174262734584 0.6167557932263815 0.6474530831099196 0.6244800950683304 0.6501340482573726 0.6298276886512181 0.6635388739946381 0.6333927510398099 0.6635388739946381 0.6345811051693405 0.6581769436997319 0.6292335115864528 0.6126005361930295 0.6215092097445039 0.5965147453083111 0.6221033868092692 0.5844504021447722 0.6131907308377897 0.5737265415549598 0.5971479500891266 0.5656836461126006 0.5852644087938206 0.5495978552278821 0.5811051693404635 0.5549597855227882 0.5745692216280452 0.5536193029490617 0.5710041592394534 0.561662198391421 0.5710041592394534 0.5804289544235925 0.5828877005347594 0.5844504021447722
0 0.6131907308377897 0.693029490616622 0.6304218657159834 0.8632707774798928 0.6292335115864528 0.868632707774799 0.6440879382055853 0.868632707774799 0.6446821152703506 0.8579088471849866 0.6417112299465241 0.8431635388739946 0.649435531788473 0.8337801608579088 0.6446821152703506 0.7962466487935657 0.651020202020202 0.7685428954423592 0.6577540106951872 0.754691689008043 0.6595365418894831 0.7332439678284183 0.6512180629827689 0.7064343163538874 0.6250742721330957 0.660857908847185 0.6232917409387998 0.6514745308310992 0.6167557932263815 0.6487935656836461 0.6108140225787285 0.6635388739946381 0.6090314913844326 0.6890080428954424 0.6131907308377897 0.693029490616622
0 0.11408199643493762 0.5522788203753352 0.12121212121212122 0.5804289544235925 0.12240047534165183 0.6568364611260054 0.13784907902554963 0.6568364611260054 0.13963161021984552 0.6501340482573726 0.13131313131313133 0.6447721179624665 0.13071895424836602 0.6340482573726541 0.13428401663695783 0.5589812332439679 0.14141414141414144 0.5241286863270778 0.1538918597742127 0.4959785522788204 0.15805109922756982 0.4959785522788204 0.16102198455139632 0.4812332439678284 0.15805109922756982 0.45844504021447724 0.15210932857991682 0.45308310991957107 0.14557338086749852 0.45576407506702415 0.14081996434937613 0.47587131367292224 0.12358882947118242 0.4959785522788204 0.10932857991681522 0.5227882037533512 0.10754604872251931 0.5428954423592494 0.11408199643493762 0.5522788203753352
0 0.31729055258467026 0.6528150134048257 0.31729055258467026 0.6675603217158177 0.30718954248366015 0.7064343163538874 0.30659536541889487 0.7198391420911529 0.32442067736185387 0.7225201072386059 0.32442067736185387 0.7171581769436998 0.31788472964943554 0.707774798927614 0.31729055258467026 0.6983914209115282 0.3315508021390375 0.6876675603217158 0.3285799168152109 0.6823056300268097 0.3315508021390375 0.6394101876675603 0.34521687462863937 0.6407506702412868 0.34521687462863937 0.6300268096514745 0.34165181224004754 0.6246648793565683 0.34165181224004754 0.6032171581769437 0.34462269756387404 0.5884718498659518 0.35056446821152704 0.5831099195710456 0.352346999405823 0.5549597855227882 0.34699940582293526 0.5428954423592494 0.33927510398098637 0.5428954423592494 0.33273915626856804 0.5603217158176944 0.30362448009506837 0.5884718498659518 0.29649435531788476 0.6058981233243967 0.2976827094474154 0.6246648793565683 0.31729055258467026 0.6528150134048257
0 0.38086749851455737 0.11662198391420912 0.3909685086155675 0.13136729222520108 0.39334521687462864 0.14075067024128687 0.3921568627450981 0.19571045576407506 0.40463458110516937 0.19571045576407506 0.39572192513368987 0.06032171581769437 0.3969102792632205 0.04289544235924933 0.40225787284610814 0.021447721179624665 0.40047534165181226 0.002680965147453083 0.393939393939394 0 0.39156268568033276 0.022788203753351208 0.37967914438502676 0.0388739946380697 0.36244800950683304 0.12734584450402145 0.36482471776589426 0.14209115281501342 0.38086749851455737 0.11662198391420912
0 0.4206773618538325 0.4289544235924933 0.40819964349376114 0.49463806970509383 0.41057635175282237 0.5 0.41948900772430187 0.49463806970509383 0.4337492572786691 0.5093833780160858 0.43018419489007725 0.49195710455764075 0.4319667260843732 0.4785522788203753 0.44622697563874036 0.4450402144772118 0.4438502673796792 0.4262734584450402 0.43909685086155675 0.4155495978552279 0.435531788472965 0.386058981233244 0.4408793820558527 0.3699731903485255 0.44800950683303625 0.36595174262734587 0.4468211527035057 0.35656836461126007 0.44919786096256686 0.34048257372654156 0.45513963161021986 0.32439678284182305 0.45395127748068925 0.30563002680965146 0.4444444444444445 0.3002680965147453 0.4319667260843732 0.3203753351206434 0.4206773618538325 0.3512064343163539 0.411764705882353 0.39544235924932974 0.41235888294711825 0.4075067024128686 0.4206773618538325 0.4289544235924933
0 0.4527629233511587 0.4638069705093834 0.4575163398692811 0.4638069705093834 0.4676173499702912 0.45576407506702415 0.4753416518122401 0.44235924932975873 0.4872251931075461 0.44906166219839144 0.4925727866904338 0.44638069705093836 0.5020796197266786 0.4316353887399464 0.5002970885323826 0.42359249329758714 0.5056446821152704 0.403485254691689 0.5044563279857398 0.3967828418230563 0.4985145573380868 0.403485254691689 0.4735591206179442 0.4075067024128686 0.45098039215686275 0.4262734584450402 0.44800950683303625 0.4450402144772118 0.4527629233511587 0.4638069705093834
0 0.4866310160427808 0.5013404825737265 0.5002970885323826 0.4879356568364611 0.5098039215686275 0.4691689008042896 0.512774806892454 0.450402144772118 0.5074272133095663 0.43297587131367293 0.5020796197266786 0.4316353887399464 0.4896019013666073 0.450402144772118 0.4872251931075461 0.4597855227882038 0.4842543077837196 0.4932975871313673 0.4866310160427808 0.5013404825737265
0 0.447415329768271 0.5509383378016086 0.453357100415924 0.5710455764075067 0.4527629233511587 0.5991957104557641 0.44919786096256686 0.6058981233243967 0.45098039215686275 0.6166219839142091 0.4563279857397505 0.6193029490616622 0.45811051693404636 0.5670241286863271 0.4604872251931076 0.5589812332439679 0.46583481877599525 0.5495978552278821 0.48068924539512775 0.5375335120643432 0.4812834224598931 0.4973190348525469 0.477124183006536 0.4785522788203753 0.48187759952465836 0.4638069705093834 0.4800950683303625 0.45576407506702415 0.47296494355317886 0.450402144772118 0.46999405822935236 0.4597855227882038 0.45513963161021986 0.4664879356568365 0.4367201426024956 0.5120643431635389 0.43612596553773025 0.5348525469168901 0.447415329768271 0.5509383378016086
0 0.4931669637551991 0.5335120643431636 0.4985145573380868 0.5294906166219839 0.5216874628639335 0.5361930294906166 0.5258467023172906 0.5428954423592494 0.5377302436125966 0.5214477211796247 0.5407011289364231 0.5013404825737265 0.5371360665478313 0.5026809651474531 0.518716577540107 0.4879356568364611 0.500891265597148 0.4879356568364611 0.4931669637551991 0.4932975871313673 0.4842543077837196 0.5080428954423593 0.4860368389780155 0.5254691689008043 0.4931669637551991 0.5335120643431636
0 0.4664289958407606 0.5898123324396783 0.47296494355317886 0.5871313672922253 0.48781937017231136 0.5683646112600537 0.4955436720142603 0.5670241286863271 0.4991087344028521 0.5495978552278821 0.5092097445038621 0.532171581769437 0.500891265597148 0.5281501340482574 0.471182412358883 0.5455764075067024 0.4604872251931076 0.5630026809651475 0.4604872251931076 0.5831099195710456 0.4664289958407606 0.5898123324396783
0 0.4676173499702912 0.6595174262734584 0.4616755793226382 0.6943699731903485 0.4705882352941177 0.6983914209115282 0.47296494355317886 0.6796246648793566 0.4860368389780155 0.6541554959785523 0.49673202614379086 0.6434316353887399 0.4991087344028521 0.6193029490616622 0.5074272133095663 0.6018766756032171 0.5074272133095663 0.5831099195710456 0.5109922756981581 0.5723860589812333 0.5145573380867499 0.5710455764075067 0.5145573380867499 0.564343163538874 0.5080213903743316 0.5455764075067024 0.5014854426619133 0.5428954423592494 0.489007724301842 0.5670241286863271 0.4622697563874035 0.5978552278820376 0.459298871063577 0.6085790884718498 0.45989304812834225 0.631367292225201 0.4676173499702912 0.6595174262734584
0 0.46999405822935236 0.7359249329758714 0.483065953654189 0.7680965147453084 0.4836601307189543 0.772117962466488 0.47474747474747475 0.7949061662198391 0.4783125371360666 0.8029490616621984 0.4925727866904338 0.806970509383378 0.4901960784313726 0.7975871313672922 0.4901960784313726 0.7788203753351206 0.500891265597148 0.7654155495978553 0.5080213903743316 0.739946380697051 0.5181224004753416 0.739946380697051 0.5216874628639335 0.754691689008043 0.5240641711229946 0.789544235924933 0.5300059417706476 0.7935656836461126 0.5204991087344029 0.7091152815013405 0.5276292335115865 0.6702412868632708 0.5329768270944741 0.6595174262734584 0.5329768270944741 0.6407506702412868 0.5288175876411171 0.6300268096514745 0.5228758169934641 0.6273458445040214 0.5181224004753416 0.6353887399463807 0.500891265597148 0.6434316353887399 0.483065953654189 0.6621983914209115 0.47474747474747475 0.6836461126005362 0.4723707664884136 0.7091152815013405 0.4634581105169341 0.7305630026809652 0.4634581105169341 0.7345844504021448 0.46999405822935236 0.7359249329758714