0 0.9067949488875526 0.48257372654155495 0.9085989176187613 0.5026809651474531 0.915213469633193 0.532171581769437 0.9122068550811786 0.5495978552278821 0.91040288634997 0.5911528150134049 0.9031870114251354 0.6166219839142091 0.9067949488875526 0.6206434316353887 0.9116055321707758 0.6179624664879356 0.915814792543596 0.5777479892761395 0.9200240529164162 0.5670241286863271 0.9272399278412508 0.5777479892761395 0.9308478653036681 0.5924932975871314 0.9308478653036681 0.6273458445040214 0.9362597714972941 0.628686327077748 0.9386650631389056 0.6260053619302949 0.9386650631389056 0.6166219839142091 0.9326518340348767 0.564343163538874 0.9320505111244739 0.5241286863270778 0.9140108238123873 0.45844504021447724 0.9067949488875526 0.45576407506702415 0.9031870114251354 0.46246648793565687 0.9025856885147324 0.4705093833780161 0.9067949488875526 0.48257372654155495
0 0.782922429344558 0.29758713136729226 0.7799158147925437 0.35924932975871315 0.7708959711365003 0.3793565683646113 0.7823211064341552 0.3820375335120644 0.7919422730006014 0.37533512064343166 0.8027660853878533 0.3766756032171582 0.8033674082982563 0.3699731903485255 0.7985568250150331 0.353887399463807 0.7961515333734216 0.3324396782841823 0.7997594708358389 0.30831099195710454 0.7985568250150331 0.289544235924933 0.7793144918821407 0.24262734584450402 0.7720986169573061 0.23994638069705093 0.7690920024052916 0.24664879356568364 0.7696933253156946 0.2613941018766756 0.782922429344558 0.29758713136729226
0 0.52916416115454 0.38069705093833783 0.529765484064943 0.39276139410187666 0.5357787131689717 0.39812332439678283 0.539987973541792 0.3941018766756032 0.5429945880938064 0.40482573726541554 0.5478051713770294 0.3820375335120644 0.5466025255562237 0.36595174262734587 0.5279615153337343 0.3324396782841823 0.5249549007817198 0.3203753351206434 0.5189416716776909 0.3203753351206434 0.5159350571256766 0.32707774798927614 0.5153337342152736 0.339142091152815 0.52916416115454 0.38069705093833783
0 0.5321707757065545 0.4477211796246649 0.52916416115454 0.4664879356568365 0.5285628382441371 0.4959785522788204 0.5219482862297053 0.5120643431635389 0.5219482862297053 0.5187667560321716 0.529765484064943 0.517426273458445 0.534576067348166 0.4865951742627346 0.5478051713770294 0.5 0.5496091401082381 0.517426273458445 0.555622369212267 0.514745308310992 0.5568250150330728 0.5013404825737265 0.5484064942874324 0.49195710455764075 0.5466025255562237 0.4812332439678284 0.5508117859290439 0.450402144772118 0.5502104630186411 0.4383378016085791 0.5429945880938064 0.4128686327077748 0.5261575466025256 0.3793565683646113 0.5201443174984968 0.3833780160857909 0.5189416716776909 0.39276139410187666 0.5321707757065545 0.4477211796246649
0 0.43415514131088395 0.2707774798927614 0.4371617558628984 0.29088471849865954 0.43595911004209265 0.3096514745308311 0.4413710162357186 0.3418230563002681 0.44558027660853883 0.3418230563002681 0.44978953698135904 0.33109919571045576 0.44558027660853883 0.30294906166219837 0.45700541190619365 0.2855227882037534 0.45640408899579077 0.2680965147453083 0.4323511725796753 0.2319034852546917 0.42513529765484065 0.23726541554959785 0.42513529765484065 0.2546916890080429 0.43415514131088395 0.2707774798927614
0 0.4058929645219483 0.3096514745308311 0.4101022248947685 0.33109919571045576 0.4323511725796753 0.3378016085790885 0.4353577871316897 0.3163538873994638 0.4335538184004811 0.29356568364611263 0.42633794347564646 0.2868632707774799 0.4052916416115454 0.2855227882037534 0.407696933253157 0.29490616621983917 0.4058929645219483 0.3096514745308311
0 0.4070956103427541 0.3873994638069705 0.4046903187011425 0.4061662198391421 0.407696933253157 0.4075067024128686 0.4113048707155743 0.3914209115281501 0.42032471437161756 0.38873994638069703 0.42513529765484065 0.40214477211796246 0.42934455802766086 0.3914209115281501 0.43174984966927243 0.403485254691689 0.43475646422128683 0.403485254691689 0.43114852675886955 0.3967828418230563 0.4365604329524955 0.353887399463807 0.4323511725796753 0.34048257372654156 0.4070956103427541 0.33378016085790885 0.4010823812387252 0.34048257372654156 0.3980757666867108 0.3512064343163539 0.3986770895971137 0.3672922252010724 0.4070956103427541 0.3873994638069705
0 0.4419723391461215 0.5214477211796247 0.4425736620565244 0.5522788203753352 0.4377630787733013 0.6005361930294906 0.4323511725796753 0.6193029490616622 0.4365604329524955 0.6219839142091153 0.4425736620565244 0.6126005361930295 0.44978953698135904 0.6260053619302949 0.45700541190619365 0.6260053619302949 0.4594107035478052 0.6166219839142091 0.45700541190619365 0.5723860589812333 0.460613349368611 0.561662198391421 0.46121467227901386 0.5026809651474531 0.45640408899579077 0.48257372654155495 0.44558027660853883 0.45844504021447724 0.4395670475045099 0.4571045576407507 0.43595911004209265 0.4664879356568365 0.4371617558628984 0.4973190348525469 0.4419723391461215 0.5214477211796247
0 0.4209260372820205 0.4839142091152815 0.4239326518340349 0.4973190348525469 0.42032471437161756 0.5080428954423593 0.43174984966927243 0.5053619302949062 0.42513529765484065 0.4718498659517426 0.42994588093806374 0.450402144772118 0.43174984966927243 0.43029490616621985 0.42994588093806374 0.4195710455764075 0.4215273601924234 0.41152815013404825 0.41310883944678295 0.4168900804289544 0.3980757666867108 0.4101876675603217 0.391461214672279 0.4128686327077748 0.39025856885147325 0.43029490616621985 0.4209260372820205 0.4839142091152815
0 0.375826819001804 0.5831099195710456 0.38123872519542995 0.5898123324396783 0.3800360793746242 0.6018766756032171 0.391461214672279 0.6018766756032171 0.391461214672279 0.5737265415549598 0.4052916416115454 0.5817694369973191 0.4101022248947685 0.5911528150134049 0.4107035478051714 0.6018766756032171 0.41611545399879735 0.6018766756032171 0.4185207456404089 0.5817694369973191 0.40408899579073965 0.561662198391421 0.40649428743235116 0.5428954423592494 0.40408899579073965 0.5214477211796247 0.3980757666867108 0.5134048257372654 0.38604930847865304 0.5107238605898123 0.37642814191220686 0.49865951742627346 0.36921226698737225 0.5026809651474531 0.36861094407696937 0.514745308310992 0.375826819001804 0.5831099195710456
0 0.36981358989777513 0.675603217158177 0.37883343355381843 0.7694369973190349 0.38244137101623576 0.774798927613941 0.3800360793746242 0.7908847184986595 0.3872519542994588 0.792225201072386 0.3890559230306675 0.789544235924933 0.3896572459410704 0.7439678284182306 0.3974744437763079 0.6836461126005362 0.39085989176187613 0.6635388739946381 0.375826819001804 0.6447721179624665 0.3728202044497896 0.6273458445040214 0.36740829825616356 0.6233243967828418 0.36259771497294047 0.6300268096514745 0.3619963920625376 0.6434316353887399 0.36981358989777513 0.675603217158177
0 0.19603126879134097 0.4128686327077748 0.1888153938665063 0.4289544235924933 0.185207456404089 0.4544235924932976 0.18821407095610343 0.46246648793565687 0.19242333132892364 0.4638069705093834 0.19182200841852076 0.44235924932975873 0.1948286229705352 0.43029490616621985 0.20625375826819003 0.42091152815013405 0.211665664461816 0.4571045576407507 0.22008418520745643 0.4597855227882038 0.21346963319302467 0.43967828418230565 0.21286831028262176 0.3820375335120644 0.21828021647624776 0.3726541554959786 0.22309079975947085 0.3793565683646113 0.22730006013229104 0.3793565683646113 0.22790138304269394 0.3739946380697051 0.21948286229705352 0.36193029490616624 0.21707757065544198 0.34718498659517427 0.2212868310282622 0.3109919571045576 0.21948286229705352 0.2962466487935657 0.211665664461816 0.29088471849865954 0.1942273000601323 0.3297587131367292 0.19723391461214673 0.353887399463807 0.19603126879134097 0.4128686327077748
0 0.36921226698737225 0.3445040214477212 0.36800962116656644 0.3512064343163539 0.37642814191220686 0.3552278820375335 0.37642814191220686 0.34986595174262736 0.36921226698737225 0.3418230563002681 0.36740829825616356 0.3096514745308311 0.36740829825616356 0.257372654155496 0.37221888153938665 0.22654155495978553 0.36981358989777513 0.20777479892761394 0.3656043295249549 0.2064343163538874 0.36259771497294047 0.21179624664879357 0.3517739025856885 0.2587131367292225 0.35057125676488277 0.27211796246648795 0.36921226698737225 0.3445040214477212
0 0.3313289236319904 0.34986595174262736 0.34395670475045104 0.35254691689008044 0.3517739025856885 0.3418230563002681 0.34636199639206255 0.3351206434316354 0.3475646422128683 0.3230563002680965 0.3541791942273001 0.3136729222520107 0.3589897775105232 0.29490616621983917 0.3631990378833434 0.289544235924933 0.35538184004810586 0.2774798927613941 0.3499699338544799 0.2774798927613941 0.3313289236319904 0.30563002680965146 0.32531569452796155 0.32439678284182305 0.3265183403487673 0.3378016085790885 0.3313289236319904 0.34986595174262736
0 0.32772098616957307 0.3833780160857909 0.33794347564642213 0.39544235924932974 0.35598316295850874 0.37533512064343166 0.3613950691521347 0.3632707774798928 0.3619963920625376 0.353887399463807 0.3523752254960914 0.3445040214477212 0.3307276007215875 0.353887399463807 0.3271196632591702 0.36193029490616624 0.32591701743836443 0.3739946380697051 0.32772098616957307 0.3833780160857909
0 0.3517739025856885 0.4008042895442359 0.3523752254960914 0.4155495978552279 0.3499699338544799 0.4691689008042896 0.3535778713168972 0.4691689008042896 0.36259771497294047 0.45844504021447724 0.36800962116656644 0.43699731903485256 0.36981358989777513 0.4410187667560322 0.3728202044497896 0.4383378016085791 0.3710162357185809 0.41823056300268097 0.37702946482260974 0.3900804289544236 0.3776307877330126 0.3739946380697051 0.370414912808178 0.36595174262734587 0.34876728803367407 0.386058981233244 0.3475646422128683 0.3914209115281501 0.3517739025856885 0.4008042895442359
0 0.2922429344558028 0.5227882037533512 0.29765484064942876 0.5227882037533512 0.3078773301262778 0.5040214477211796 0.31629585087191825 0.514745308310992 0.31689717378232113 0.5254691689008043 0.3271196632591702 0.5227882037533512 0.32110643415514134 0.5093833780160858 0.32110643415514134 0.46782841823056304 0.32772098616957307 0.46514745308310995 0.3247143716175587 0.4450402144772118 0.3355381840048106 0.41152815013404825 0.3337342152736019 0.403485254691689 0.32291040288635 0.39946380697050937 0.2958508719182201 0.4436997319034853 0.3012627781118461 0.49865951742627346 0.2922429344558028 0.5227882037533512
0 0.33313289236319904 0.40482573726541554 0.33433553818400485 0.4101876675603217 0.33012627781118464 0.4410187667560322 0.34155141310883946 0.4772117962466488 0.3445580276608539 0.4597855227882038 0.3433553818400481 0.4450402144772118 0.3457606734816597 0.42359249329758714 0.35057125676488277 0.4101876675603217 0.349368610944077 0.39946380697050937 0.3445580276608539 0.39276139410187666 0.3271196632591702 0.39812332439678283 0.3247143716175587 0.4008042895442359 0.33313289236319904 0.40482573726541554
0 0.269993986770896 0.6474530831099196 0.2597714972940469 0.6849865951742627 0.2669873722188816 0.6916890080428955 0.26758869512928446 0.6742627345844504 0.27300060132291043 0.6581769436997319 0.27660853878532776 0.6501340482573726 0.28622970535177394 0.6434316353887399 0.291040288634997 0.6541554959785523 0.2922429344558028 0.6983914209115282 0.29765484064942876 0.6997319034852547 0.29765484064942876 0.6300268096514745 0.2946482260974143 0.6058981233243967 0.30246542393265186 0.5495978552278821 0.3000601322910403 0.5361930294906166 0.2898376428141912 0.5348525469168901 0.27540589296452195 0.6058981233243967 0.27540589296452195 0.6179624664879356 0.269993986770896 0.6474530831099196
0 0.23992784125075167 0.6085790884718498 0.2471437161755863 0.6005361930294906 0.25255562236921225 0.6045576407506702 0.2573662056524354 0.6327077747989276 0.2579675285628383 0.6528150134048257 0.2651834034876729 0.6541554959785523 0.26157546602525555 0.628686327077748 0.26217678893565843 0.5884718498659518 0.25917017438364404 0.5764075067024129 0.26578472639807577 0.5268096514745308 0.2693926638604931 0.5160857908847185 0.2687913409500902 0.5067024128686327 0.26337943475646425 0.5 0.25917017438364404 0.5026809651474531 0.23752254960914013 0.564343163538874 0.23692122669873722 0.5737265415549598 0.23571858087793146 0.6018766756032171 0.23992784125075167 0.6085790884718498
0 0.19663259170174385 0.7238605898123325 0.17859290438965725 0.754691689008043 0.18580877931449188 0.7761394101876675 0.19061936259771498 0.774798927613941 0.18941671677690922 0.7654155495978553 0.1936259771497294 0.7453083109919572 0.2026458208057727 0.7332439678284183 0.20986169573060734 0.707774798927614 0.21467227901383043 0.7037533512064343 0.22309079975947085 0.7265415549597856 0.22489476849067952 0.7680965147453084 0.23090799759470837 0.772117962466488 0.238123872519543 0.772117962466488 0.2393265183403488 0.7680965147453084 0.23211064341551413 0.754691689008043 0.2303066746843055 0.7091152815013405 0.22309079975947085 0.67828418230563 0.22790138304269394 0.6568364611260054 0.23571858087793146 0.6434316353887399 0.2339146121467228 0.6353887399463807 0.23872519542994589 0.6112600536193029 0.2339146121467228 0.6005361930294906 0.22850270595309682 0.6018766756032171 0.21286831028262176 0.6367292225201072 0.2026458208057727 0.6769436997319035 0.19663259170174385 0.7238605898123325