0 0.29923664122137406 0.8231797919762258 0.2969465648854962 0.8588410104011887 0.3 0.8850921248142645 0.29923664122137406 0.9167904903417533 0.29389312977099236 0.9316493313521544 0.3053435114503817 0.9346210995542347 0.3083969465648855 0.9301634472511143 0.31068702290076333 0.8707280832095096 0.32137404580152673 0.8558692421991084 0.33129770992366414 0.863298662704309 0.34045801526717556 0.8870728083209509 0.3564885496183206 0.9108469539375929 0.35725190839694654 0.9316493313521544 0.3610687022900763 0.9331352154531946 0.36793893129770994 0.9242199108469539 0.36793893129770994 0.9108469539375929 0.3435114503816794 0.8662704309063892 0.3381679389312977 0.8142644873699851 0.3099236641221374 0.75037147102526 0.3061068702290076 0.7340267459138187 0.2961832061068702 0.725111441307578 0.2900763358778626 0.7369985141158989 0.28931297709923665 0.7518573551263001 0.29923664122137406 0.8231797919762258
0 0.1969465648854962 0.8291233283803863 0.20610687022900764 0.8543833580980683 0.19236641221374046 0.9138187221396731 0.20381679389312976 0.9182763744427934 0.20610687022900764 0.9138187221396731 0.20305343511450383 0.8989598811292718 0.2083969465648855 0.8826151560178306 0.2267175572519084 0.8870728083209509 0.2198473282442748 0.8722139673105498 0.22442748091603054 0.8514115898959881 0.23282442748091603 0.8469539375928677 0.2381679389312977 0.8558692421991084 0.2297709923664122 0.800891530460624 0.23206106870229007 0.7904903417533432 0.24198473282442748 0.7800891530460624 0.24351145038167937 0.763744427934621 0.23740458015267174 0.7444279346210995 0.23053435114503817 0.7444279346210995 0.22519083969465647 0.7563150074294205 0.20229007633587787 0.7741456166419018 0.18854961832061068 0.7919762258543833 0.18854961832061068 0.8216939078751857 0.1969465648854962 0.8291233283803863
0 0.3236641221374046 0.3150074294205052 0.3251908396946565 0.3328380386329866 0.32061068702290074 0.35066864784546803 0.32061068702290074 0.36701337295690933 0.3251908396946565 0.3714710252600297 0.3251908396946565 0.35809806835066865 0.32900763358778623 0.3491827637444279 0.33969465648854963 0.35512630014858837 0.3366412213740458 0.35215453194650814 0.332824427480916 0.3313521545319465 0.3374045801526718 0.30609212481426445 0.33587786259541985 0.28974739970282315 0.3450381679389313 0.2867756315007429 0.33893129770992364 0.26300148588410105 0.33893129770992364 0.24665676077265972 0.34961832061068704 0.20950965824665674 0.3473282442748092 0.19465081723625557 0.3419847328244275 0.18722139673105498 0.33511450381679386 0.1887072808320951 0.3137404580152672 0.2511144130757801 0.3137404580152672 0.2823179791976226 0.3236641221374046 0.3150074294205052
0 0.2694656488549618 0.27340267459138184 0.2748091603053435 0.29420505200594355 0.2717557251908397 0.35958395245170877 0.2870229007633588 0.3655274888558692 0.282442748091603 0.35512630014858837 0.28396946564885495 0.33878157503714706 0.2816793893129771 0.3328380386329866 0.30381679389312977 0.2540861812778603 0.30916030534351147 0.2540861812778603 0.29923664122137406 0.23922734026745912 0.2969465648854962 0.2065378900445765 0.3015267175572519 0.1887072808320951 0.2961832061068702 0.1738484398216939 0.2900763358778626 0.1723625557206538 0.2862595419847328 0.17830609212481424 0.28549618320610687 0.1901931649331352 0.27557251908396946 0.21099554234769688 0.26641221374045804 0.24962852897473997 0.2648854961832061 0.2689450222882615 0.2694656488549618 0.27340267459138184
0 0.3053435114503817 0.1723625557206538 0.3068702290076336 0.19910846953937592 0.3152671755725191 0.20208023774145617 0.31297709923664124 0.19167904903417532 0.3198473282442748 0.16047548291233282 0.31603053435114503 0.13670133729569092 0.3251908396946565 0.07726597325408618 0.32061068702290074 0.05052005943536404 0.3114503816793893 0.05349182763744428 0.31068702290076333 0.06983655274888559 0.30229007633587784 0.07726597325408618 0.2961832061068702 0.11292719167904902 0.2954198473282443 0.13075780089153044 0.3053435114503817 0.1723625557206538
0 0.4763358778625954 0.15601783060921248 0.4763358778625954 0.16939078751857353 0.47862595419847326 0.17087667161961367 0.483206106870229 0.1411589895988113 0.49694656488549616 0.10846953937592867 0.500763358778626 0.08766716196136701 0.49923664122137407 0.08023774145616641 0.5083969465648855 0.041604754829123326 0.5076335877862596 0.02674591381872214 0.5045801526717557 0.019316493313521546 0.49770992366412214 0.019316493313521546 0.49312977099236643 0.03417533432392273 0.4801526717557252 0.05052005943536404 0.4732824427480916 0.06686478454680535 0.47862595419847326 0.12035661218424962 0.4763358778625954 0.15601783060921248
0 0.6534351145038167 0.13967310549777118 0.6564885496183206 0.15601783060921248 0.6534351145038167 0.18573551263001484 0.6465648854961832 0.19910846953937592 0.6595419847328244 0.1976225854383358 0.6618320610687023 0.14561664190193163 0.665648854961832 0.13670133729569092 0.6694656488549618 0.13670133729569092 0.6908396946564885 0.1887072808320951 0.6885496183206107 0.20950965824665674 0.6992366412213741 0.2050520059435364 0.7 0.19167904903417532 0.6900763358778625 0.1649331352154532 0.6717557251908397 0.06092124814264487 0.6618320610687023 0.04309063893016345 0.6595419847328244 0.028231797919762255 0.6511450381679389 0.02526002971768202 0.6473282442748092 0.03714710252600297 0.6557251908396946 0.08172362555720654 0.6534351145038167 0.13967310549777118
0 0.733587786259542 0.2823179791976226 0.7358778625954199 0.3566121842496285 0.7297709923664122 0.3952451708766716 0.7412213740458016 0.39821693907875183 0.7435114503816794 0.3789004457652303 0.7480916030534351 0.37295690936106984 0.7473282442748092 0.3343239227340267 0.7564885496183206 0.28826151560178304 0.7343511450381679 0.21099554234769688 0.7267175572519083 0.2065378900445765 0.7190839694656489 0.2199108469539376 0.7244274809160305 0.25705794947994054 0.733587786259542 0.2823179791976226
0 0.6923664122137404 0.29123328380386326 0.6961832061068702 0.3031203566121842 0.6946564885496184 0.3447251114413076 0.6977099236641221 0.3774145616641902 0.6961832061068702 0.40564635958395245 0.6916030534351145 0.424962852897474 0.6854961832061068 0.4353640416047548 0.6992366412213741 0.43684992570579495 0.7038167938931298 0.3818722139673105 0.7129770992366412 0.3714710252600297 0.7267175572519083 0.4115898959881129 0.7259541984732825 0.4353640416047548 0.733587786259542 0.43684992570579495 0.7351145038167939 0.4279346210995542 0.7236641221374046 0.37592867756315007 0.7229007633587786 0.3298662704309064 0.7183206106870229 0.31054977711738485 0.716030534351145 0.27637444279346207 0.7114503816793893 0.2615156017830609 0.7038167938931298 0.2526002971768202 0.7030534351145038 0.23922734026745912 0.6992366412213741 0.23179791976225853 0.6916030534351145 0.23179791976225853 0.6877862595419847 0.24219910846953938 0.6923664122137404 0.26448736998514116 0.6923664122137404 0.29123328380386326
0 0.6091603053435114 0.22436849925705793 0.6198473282442748 0.237741456166419 0.6190839694656488 0.24665676077265972 0.6106870229007634 0.2615156017830609 0.6152671755725191 0.27488855869242196 0.6183206106870229 0.30609212481426445 0.6091603053435114 0.3239227340267459 0.6229007633587786 0.32838038632986627 0.6267175572519084 0.3239227340267459 0.6244274809160305 0.3150074294205052 0.6267175572519084 0.3031203566121842 0.6396946564885496 0.3031203566121842 0.6335877862595419 0.27637444279346207 0.6351145038167939 0.26300148588410105 0.6473282442748092 0.24814264487369983 0.6480916030534352 0.2362555720653789 0.6122137404580152 0.1812778603268945 0.600763358778626 0.1812778603268945 0.5984732824427481 0.19316493313521543 0.6091603053435114 0.22436849925705793
0 0.5946564885496183 0.16344725111441308 0.5900763358778626 0.23476968796433878 0.5931297709923664 0.23922734026745912 0.5961832061068703 0.2303120356612184 0.5984732824427481 0.20356612184249628 0.5961832061068703 0.1961367013372957 0.599236641221374 0.17979197622585438 0.6068702290076335 0.1738484398216939 0.6160305343511451 0.1827637444279346 0.6160305343511451 0.1738484398216939 0.6099236641221374 0.1277860326894502 0.6022900763358778 0.09658246656760772 0.599236641221374 0.09212481426448736 0.5908396946564886 0.0950965824665676 0.5885496183206107 0.11292719167904902 0.5946564885496183 0.16344725111441308
0 0.5557251908396946 0.24814264487369983 0.5587786259541985 0.27191679049034173 0.5885496183206107 0.3313521545319465 0.6053435114503817 0.3313521545319465 0.583206106870229 0.2971768202080238 0.5931297709923664 0.2674591381872214 0.5923664122137404 0.24814264487369983 0.5572519083969466 0.1961367013372957 0.5503816793893129 0.19465081723625557 0.5450381679389313 0.2065378900445765 0.5458015267175572 0.22288261515601782 0.5557251908396946 0.24814264487369983
0 0.5282442748091603 0.2971768202080238 0.5267175572519084 0.30609212481426445 0.5190839694656488 0.30609212481426445 0.517557251908397 0.3135215453194651 0.5221374045801527 0.31946508172362553 0.5305343511450381 0.31946508172362553 0.5351145038167939 0.3491827637444279 0.5427480916030535 0.36998514115898956 0.5435114503816794 0.3610698365527489 0.5709923664122137 0.37295690936106984 0.5702290076335877 0.3610698365527489 0.564885496183206 0.35809806835066865 0.565648854961832 0.3462109955423477 0.5618320610687023 0.3313521545319465 0.5740458015267176 0.30609212481426445 0.5709923664122137 0.2852897473997028 0.5290076335877862 0.24814264487369983 0.5244274809160305 0.24814264487369983 0.517557251908397 0.25854383358098065 0.5190839694656488 0.27934621099554235 0.5282442748091603 0.2971768202080238
0 0.483206106870229 0.20208023774145617 0.48778625954198473 0.20356612184249628 0.49389312977099237 0.1961367013372957 0.500763358778626 0.19910846953937592 0.5061068702290076 0.19316493313521543 0.5076335877862596 0.19910846953937592 0.5030534351145038 0.1738484398216939 0.5076335877862596 0.16344725111441308 0.5068702290076336 0.14710252600297177 0.5137404580152671 0.11144130757800891 0.5137404580152671 0.09806835066864784 0.5099236641221374 0.08766716196136701 0.500763358778626 0.09063893016344725 0.4900763358778626 0.12035661218424962 0.48396946564885496 0.150074294205052 0.4862595419847328 0.16939078751857353 0.483206106870229 0.20208023774145617
0 0.4961832061068702 0.2927191679049034 0.49389312977099237 0.27191679049034173 0.5114503816793893 0.2199108469539376 0.5068702290076336 0.20208023774145617 0.4725190839694656 0.2065378900445765 0.4625954198473282 0.2199108469539376 0.46412213740458014 0.26002971768202077 0.4961832061068702 0.2927191679049034
0 0.42213740458015264 0.31203566121842496 0.4206106870229008 0.3343239227340267 0.42442748091603055 0.33878157503714706 0.43206106870229005 0.33580980683506684 0.4389312977099237 0.3447251114413076 0.4442748091603053 0.3313521545319465 0.4587786259541985 0.3313521545319465 0.46412213740458014 0.3491827637444279 0.46564885496183206 0.3714710252600297 0.47022900763358777 0.3714710252600297 0.4717557251908397 0.362555720653789 0.46412213740458014 0.31946508172362553 0.46412213740458014 0.30609212481426445 0.4717557251908397 0.28974739970282315 0.47022900763358777 0.2689450222882615 0.4618320610687023 0.26300148588410105 0.4259541984732824 0.27191679049034173 0.41755725190839693 0.2823179791976226 0.41755725190839693 0.2971768202080238 0.42213740458015264 0.31203566121842496
0 0.39541984732824426 0.40564635958395245 0.40458015267175573 0.4101040118870728 0.4068702290076336 0.3967310549777117 0.4114503816793893 0.3922734026745914 0.416793893129771 0.4115898959881129 0.4183206106870229 0.44873699851411586 0.4213740458015267 0.44873699851411586 0.4183206106870229 0.40416047548291234 0.4206106870229008 0.39078751857355126 0.4282442748091603 0.38335809806835064 0.4389312977099237 0.3610698365527489 0.4366412213740458 0.3462109955423477 0.433587786259542 0.34175334323922735 0.42366412213740456 0.3447251114413076 0.41450381679389314 0.33878157503714706 0.3900763358778626 0.33729569093610695 0.3801526717557252 0.35066864784546803 0.383206106870229 0.3774145616641902 0.39541984732824426 0.40564635958395245
0 0.3068702290076336 0.5690936106983655 0.31679389312977096 0.575037147102526 0.3190839694656489 0.551263001485884 0.33435114503816793 0.5334323922734027 0.3381679389312977 0.5319465081723626 0.3419847328244275 0.5393759286775631 0.3427480916030534 0.5215453194650816 0.3511450381679389 0.5185735512630014 0.3526717557251908 0.4918276374442793 0.36335877862595417 0.4427934621099554 0.3519083969465649 0.41753343239227336 0.3534351145038168 0.4101040118870728 0.332824427480916 0.43833580980683506 0.332824427480916 0.44725111441307575 0.3236641221374046 0.4665676077265973 0.32061068702290074 0.48439821693907875 0.3236641221374046 0.5215453194650816 0.30381679389312977 0.5572065378900446 0.30305343511450383 0.563150074294205 0.3068702290076336 0.5690936106983655
0 0.3534351145038168 0.5156017830609212 0.35572519083969467 0.5200594353640415 0.36259541984732824 0.5185735512630014 0.35877862595419846 0.5096582466567607 0.35877862595419846 0.49925705794947994 0.37557251908396944 0.47845468053491824 0.37709923664122136 0.46953937592867756 0.38549618320610685 0.4576523031203566 0.3969465648854962 0.5081723625557206 0.40458015267175573 0.5081723625557206 0.39618320610687024 0.46508172362555716 0.40610687022900765 0.43239227340267455 0.40458015267175573 0.41456166419019314 0.3900763358778626 0.40118870728083206 0.3732824427480916 0.4115898959881129 0.3694656488549618 0.43090638930163444 0.3549618320610687 0.46953937592867756 0.35725190839694654 0.49925705794947994 0.3534351145038168 0.5156017830609212