0 0.8221374045801526 0.3958333333333333 0.8274809160305343 0.4375 0.8259541984732824 0.47135416666666663 0.8221374045801526 0.4895833333333333 0.8129770992366412 0.5 0.8282442748091603 0.5026041666666666 0.8312977099236641 0.48697916666666663 0.8572519083969465 0.5013020833333333 0.8541984732824427 0.33854166666666663 0.8473282442748091 0.3255208333333333 0.8412213740458016 0.2981770833333333 0.83206106870229 0.296875 0.8259541984732824 0.31119791666666663 0.8259541984732824 0.375 0.8221374045801526 0.3958333333333333
0 0.8022900763358779 0.06640625 0.8022900763358779 0.08072916666666666 0.7992366412213741 0.140625 0.7931297709923664 0.16145833333333331 0.8038167938931298 0.16145833333333331 0.8076335877862595 0.11848958333333333 0.8145038167938932 0.11067708333333333 0.8351145038167939 0.13411458333333331 0.8412213740458016 0.14453125 0.8427480916030534 0.15885416666666666 0.8480916030534351 0.15755208333333331 0.8519083969465648 0.14713541666666666 0.833587786259542 0.11979166666666666 0.8282442748091603 0.078125 0.8221374045801526 0.06770833333333333 0.8175572519083969 0.046875 0.8076335877862595 0.03255208333333333 0.8068702290076336 0.020833333333333332 0.8030534351145038 0.014322916666666666 0.7946564885496183 0.01953125 0.7931297709923664 0.03125 0.8022900763358779 0.06640625
0 0.6740458015267176 0.11067708333333333 0.6748091603053435 0.15494791666666666 0.6854961832061068 0.16015625 0.6885496183206107 0.15494791666666666 0.6816793893129771 0.13411458333333331 0.682442748091603 0.11458333333333333 0.6877862595419847 0.10416666666666666 0.6946564885496184 0.06510416666666666 0.7061068702290076 0.03645833333333333 0.7038167938931298 0.020833333333333332 0.6938931297709924 0.022135416666666664 0.6893129770992367 0.033854166666666664 0.6748091603053435 0.046875 0.6679389312977099 0.061197916666666664 0.665648854961832 0.07161458333333333 0.6740458015267176 0.11067708333333333
0 0.7297709923664122 0.296875 0.7343511450381679 0.3098958333333333 0.7267175572519083 0.32682291666666663 0.7305343511450382 0.3802083333333333 0.7236641221374046 0.38671875 0.7396946564885496 0.38932291666666663 0.7389312977099236 0.37109375 0.7442748091603053 0.3645833333333333 0.7549618320610687 0.37109375 0.7587786259541984 0.3671875 0.749618320610687 0.33072916666666663 0.7618320610687023 0.3177083333333333 0.7648854961832061 0.3020833333333333 0.7236641221374046 0.24479166666666666 0.716030534351145 0.24348958333333331 0.7099236641221374 0.2513020833333333 0.7099236641221374 0.26822916666666663 0.7297709923664122 0.296875
0 0.7564885496183206 0.4466145833333333 0.7725190839694657 0.453125 0.7740458015267175 0.46354166666666663 0.76793893129771 0.5013020833333333 0.7694656488549618 0.546875 0.7580152671755725 0.5598958333333333 0.7610687022900763 0.5638020833333333 0.7755725190839694 0.5625 0.7778625954198474 0.5598958333333333 0.7770992366412214 0.5403645833333333 0.7893129770992366 0.5364583333333333 0.7870229007633588 0.49609375 0.7961832061068702 0.4583333333333333 0.7900763358778626 0.4296875 0.7687022900763358 0.3763020833333333 0.7595419847328244 0.37369791666666663 0.7519083969465649 0.38932291666666663 0.7511450381679389 0.41276041666666663 0.7564885496183206 0.4466145833333333
0 0.6641221374045801 0.31510416666666663 0.6648854961832061 0.34244791666666663 0.6748091603053435 0.3528645833333333 0.682442748091603 0.3489583333333333 0.7083969465648855 0.38671875 0.7099236641221374 0.40104166666666663 0.7221374045801526 0.4036458333333333 0.7236641221374046 0.39453125 0.7137404580152672 0.38151041666666663 0.7007633587786259 0.3515625 0.7038167938931298 0.3255208333333333 0.7015267175572519 0.30338541666666663 0.665648854961832 0.24869791666666666 0.6580152671755725 0.24739583333333331 0.6534351145038167 0.2578125 0.6541984732824427 0.2786458333333333 0.6641221374045801 0.31510416666666663
0 0.5885496183206107 0.2578125 0.5954198473282443 0.28385416666666663 0.600763358778626 0.3255208333333333 0.6038167938931298 0.3255208333333333 0.6068702290076335 0.28385416666666663 0.601526717557252 0.25651041666666663 0.6030534351145038 0.23828125 0.6106870229007634 0.21614583333333331 0.6114503816793893 0.19140625 0.6091603053435114 0.18359375 0.600763358778626 0.18098958333333331 0.5984732824427481 0.18489583333333331 0.5977099236641221 0.19921875 0.5870229007633587 0.20963541666666666 0.5763358778625954 0.24869791666666666 0.5778625954198473 0.26041666666666663 0.5885496183206107 0.2578125
0 0.4297709923664122 0.2747395833333333 0.4267175572519084 0.3255208333333333 0.4389312977099237 0.3372395833333333 0.4450381679389313 0.3372395833333333 0.4389312977099237 0.31119791666666663 0.44580152671755724 0.27604166666666663 0.44198473282442746 0.20963541666666666 0.4442748091603053 0.17838541666666666 0.4488549618320611 0.16276041666666666 0.44732824427480916 0.15625 0.44198473282442746 0.14973958333333331 0.43587786259541983 0.14973958333333331 0.43206106870229005 0.15755208333333331 0.43282442748091604 0.17447916666666666 0.4251908396946565 0.1875 0.42366412213740456 0.23828125 0.4297709923664122 0.2747395833333333
0 0.3549618320610687 0.40104166666666663 0.35572519083969467 0.44401041666666663 0.3610687022900763 0.44010416666666663 0.36412213740458016 0.44401041666666663 0.3656488549618321 0.46354166666666663 0.3801526717557252 0.46484375 0.38091603053435114 0.45963541666666663 0.3694656488549618 0.43619791666666663 0.3702290076335878 0.40234375 0.366412213740458 0.3723958333333333 0.3717557251908397 0.35416666666666663 0.38091603053435114 0.34765625 0.37404580152671757 0.3294270833333333 0.383969465648855 0.29296875 0.3801526717557252 0.2786458333333333 0.3763358778625954 0.2747395833333333 0.36793893129770994 0.27734375 0.35038167938931297 0.3294270833333333 0.3450381679389313 0.35807291666666663 0.3549618320610687 0.40104166666666663
0 0.5610687022900763 0.32291666666666663 0.5625954198473282 0.35026041666666663 0.5595419847328245 0.3684895833333333 0.5625954198473282 0.3723958333333333 0.567175572519084 0.37369791666666663 0.5923664122137404 0.33854166666666663 0.5977099236641221 0.3450520833333333 0.5984732824427481 0.35807291666666663 0.6022900763358778 0.359375 0.6030534351145038 0.32421875 0.599236641221374 0.3203125 0.5977099236641221 0.3098958333333333 0.5984732824427481 0.2890625 0.5946564885496183 0.26432291666666663 0.5862595419847328 0.2578125 0.5786259541984733 0.26041666666666663 0.567175572519084 0.27604166666666663 0.5541984732824428 0.3059895833333333 0.5534351145038168 0.3138020833333333 0.5610687022900763 0.32291666666666663
0 0.5847328244274809 0.38932291666666663 0.5885496183206107 0.3984375 0.6099236641221374 0.4036458333333333 0.600763358778626 0.3645833333333333 0.5885496183206107 0.3372395833333333 0.5809160305343511 0.3411458333333333 0.5816793893129771 0.35026041666666663 0.5778625954198473 0.3515625 0.5709923664122137 0.3723958333333333 0.5702290076335877 0.38151041666666663 0.5847328244274809 0.38932291666666663
0 0.5702290076335877 0.43619791666666663 0.5770992366412213 0.44791666666666663 0.5885496183206107 0.4895833333333333 0.5900763358778626 0.5299479166666666 0.5862595419847328 0.5364583333333333 0.5923664122137404 0.5416666666666666 0.5961832061068703 0.56640625 0.6137404580152672 0.56640625 0.6160305343511451 0.5559895833333333 0.6045801526717557 0.5104166666666666 0.6160305343511451 0.47265625 0.6190839694656488 0.45182291666666663 0.6076335877862595 0.42447916666666663 0.6076335877862595 0.4075520833333333 0.5786259541984733 0.38671875 0.5679389312977099 0.38671875 0.564885496183206 0.39453125 0.5641221374045802 0.4075520833333333 0.5702290076335877 0.43619791666666663
0 0.5526717557251908 0.6705729166666666 0.5442748091603054 0.6809895833333333 0.5633587786259542 0.6809895833333333 0.565648854961832 0.6315104166666666 0.5687022900763359 0.625 0.5740458015267176 0.625 0.5809160305343511 0.64453125 0.5954198473282443 0.6692708333333333 0.5984732824427481 0.6822916666666666 0.5954198473282443 0.6927083333333333 0.6030534351145038 0.69140625 0.6076335877862595 0.68359375 0.6076335877862595 0.67578125 0.5908396946564886 0.640625 0.583969465648855 0.6015625 0.5786259541984733 0.5416666666666666 0.5717557251908397 0.5130208333333333 0.565648854961832 0.5013020833333333 0.5603053435114503 0.49869791666666663 0.5526717557251908 0.515625 0.5587786259541985 0.5638020833333333 0.5526717557251908 0.6705729166666666
0 0.5076335877862596 0.3919270833333333 0.5267175572519084 0.3958333333333333 0.5305343511450381 0.40885416666666663 0.5282442748091603 0.4270833333333333 0.533587786259542 0.42838541666666663 0.5366412213740458 0.42447916666666663 0.533587786259542 0.3958333333333333 0.5366412213740458 0.3841145833333333 0.5480916030534351 0.38671875 0.5541984732824428 0.40104166666666663 0.5580152671755725 0.33463541666666663 0.5519083969465649 0.32421875 0.5442748091603054 0.32421875 0.5381679389312977 0.3372395833333333 0.5053435114503817 0.3671875 0.5045801526717557 0.3841145833333333 0.5076335877862596 0.3919270833333333
0 0.46946564885496184 0.43359375 0.47557251908396947 0.44401041666666663 0.4770992366412214 0.4622395833333333 0.4862595419847328 0.48046875 0.4984732824427481 0.46484375 0.5083969465648855 0.4661458333333333 0.5137404580152671 0.5026041666666666 0.5183206106870228 0.5052083333333333 0.5183206106870228 0.4973958333333333 0.5236641221374045 0.48697916666666663 0.5190839694656488 0.47526041666666663 0.5183206106870228 0.4609375 0.5229007633587787 0.4231770833333333 0.5213740458015267 0.4114583333333333 0.5259541984732824 0.4075520833333333 0.5259541984732824 0.3984375 0.4801526717557252 0.40104166666666663 0.47022900763358777 0.4114583333333333 0.4679389312977099 0.42057291666666663 0.46946564885496184 0.43359375
0 0.29083969465648857 0.5572916666666666 0.29236641221374043 0.5794270833333333 0.2916030534351145 0.6171875 0.2877862595419847 0.63671875 0.3068702290076336 0.640625 0.3083969465648855 0.6354166666666666 0.3 0.6263020833333333 0.29847328244274807 0.6145833333333333 0.31755725190839695 0.6158854166666666 0.32595419847328244 0.609375 0.31755725190839695 0.6028645833333333 0.3152671755725191 0.5924479166666666 0.31755725190839695 0.5286458333333333 0.3145038167938931 0.5130208333333333 0.3229007633587786 0.4817708333333333 0.332824427480916 0.46354166666666663 0.33053435114503815 0.4466145833333333 0.32748091603053436 0.4427083333333333 0.31755725190839695 0.4453125 0.2954198473282443 0.484375 0.28549618320610687 0.5143229166666666 0.28473282442748094 0.5377604166666666 0.29083969465648857 0.5572916666666666
0 0.42442748091603055 0.5026041666666666 0.42900763358778626 0.5325520833333333 0.4213740458015267 0.5494791666666666 0.42442748091603055 0.5546875 0.42442748091603055 0.57421875 0.4389312977099237 0.5794270833333333 0.4389312977099237 0.5729166666666666 0.47022900763358777 0.5390625 0.4770992366412214 0.5638020833333333 0.47938931297709925 0.5677083333333333 0.48396946564885496 0.5651041666666666 0.4725190839694656 0.51171875 0.47404580152671755 0.5 0.48396946564885496 0.4934895833333333 0.48396946564885496 0.47916666666666663 0.4809160305343511 0.47265625 0.47022900763358777 0.46744791666666663 0.46106870229007635 0.4765625 0.43282442748091604 0.48046875 0.4198473282442748 0.49088541666666663 0.4183206106870229 0.4973958333333333 0.42442748091603055 0.5026041666666666
0 0.39083969465648855 0.59375 0.39618320610687024 0.6119791666666666 0.39083969465648855 0.6692708333333333 0.3938931297709924 0.6744791666666666 0.4022900763358779 0.67578125 0.40534351145038167 0.6705729166666666 0.4015267175572519 0.6575520833333333 0.4282442748091603 0.6575520833333333 0.416793893129771 0.6236979166666666 0.41908396946564885 0.5872395833333333 0.41450381679389314 0.5716145833333333 0.416793893129771 0.5546875 0.42290076335877863 0.5442708333333333 0.4312977099236641 0.5104166666666666 0.4282442748091603 0.5013020833333333 0.4206106870229008 0.5013020833333333 0.40916030534351144 0.5104166666666666 0.3931297709923664 0.5403645833333333 0.3847328244274809 0.5651041666666666 0.38244274809160306 0.59375 0.39083969465648855 0.59375
0 0.3847328244274809 0.87890625 0.39083969465648855 0.89453125 0.38702290076335877 0.9283854166666666 0.37251908396946565 0.9453125 0.3938931297709924 0.9453125 0.3931297709923664 0.9296875 0.3984732824427481 0.8893229166666666 0.40458015267175573 0.8763020833333333 0.41908396946564885 0.8854166666666666 0.4251908396946565 0.9049479166666666 0.4442748091603053 0.9427083333333333 0.4450381679389313 0.953125 0.43740458015267175 0.9661458333333333 0.45267175572519086 0.9661458333333333 0.4564885496183206 0.9557291666666666 0.4343511450381679 0.90234375 0.42290076335877863 0.86328125 0.42366412213740456 0.8424479166666666 0.41450381679389314 0.7890625 0.3900763358778626 0.7447916666666666 0.383206106870229 0.7447916666666666 0.3786259541984733 0.7578125 0.38625954198473283 0.8138020833333333 0.3847328244274809 0.87890625
0 0.2534351145038168 0.8619791666666666 0.2587786259541985 0.87890625 0.24580152671755726 0.9388020833333333 0.26183206106870227 0.9453125 0.2687022900763359 0.91796875 0.282442748091603 0.91796875 0.27404580152671754 0.9036458333333333 0.2786259541984733 0.87109375 0.2870229007633588 0.86328125 0.28091603053435116 0.83984375 0.28015267175572517 0.8229166666666666 0.2862595419847328 0.7981770833333333 0.29770992366412213 0.78515625 0.2969465648854962 0.7669270833333333 0.29236641221374043 0.7591145833333333 0.282442748091603 0.7604166666666666 0.2748091603053435 0.7799479166666666 0.24885496183206107 0.8020833333333333 0.23969465648854962 0.8203125 0.24045801526717556 0.8411458333333333 0.2534351145038168 0.8619791666666666