0 0.6730994152046784 0.4029649595687332 0.6801169590643275 0.4919137466307278 0.6748538011695907 0.4973045822102426 0.6748538011695907 0.5040431266846361 0.6812865497076024 0.5175202156334232 0.6795321637426901 0.5242587601078167 0.6894736842105263 0.5256064690026955 0.6923976608187135 0.5215633423180593 0.6906432748538012 0.4703504043126685 0.7017543859649122 0.4420485175202157 0.7005847953216374 0.42452830188679247 0.6842105263157895 0.38274932614555257 0.6783625730994152 0.35714285714285715 0.6707602339181287 0.35714285714285715 0.6684210526315789 0.362533692722372 0.6678362573099416 0.37870619946091644 0.6730994152046784 0.4029649595687332
0 0.6789473684210526 0.46900269541778977 0.6789473684210526 0.44339622641509435 0.6754385964912281 0.46091644204851756 0.6713450292397661 0.46630727762803237 0.6713450292397661 0.4730458221024259 0.6789473684210526 0.46900269541778977
0 0.704093567251462 0.46630727762803237 0.7087719298245614 0.45956873315363883 0.7029239766081872 0.4366576819407008 0.7000000000000001 0.4447439353099731 0.6988304093567251 0.46630727762803237 0.704093567251462 0.46630727762803237
0 0.6941520467836257 0.408355795148248 0.6988304093567251 0.4070080862533693 0.6953216374269006 0.3692722371967655 0.6842105263157895 0.3261455525606469 0.6760233918128655 0.3140161725067386 0.6754385964912281 0.30188679245283023 0.672514619883041 0.29649595687331537 0.6678362573099416 0.29649595687331537 0.664327485380117 0.30458221024258764 0.6707602339181287 0.3504043126684636 0.6941520467836257 0.408355795148248
0 0.5298245614035088 0.431266846361186 0.5280701754385965 0.4555256064690027 0.5339181286549708 0.4474393530997305 0.5403508771929825 0.454177897574124 0.5415204678362573 0.46900269541778977 0.5461988304093567 0.4811320754716981 0.543859649122807 0.5040431266846361 0.5456140350877193 0.5107816711590297 0.532748538011696 0.5350404312668464 0.5467836257309941 0.5350404312668464 0.5619883040935673 0.5592991913746631 0.5701754385964912 0.555256064690027 0.571345029239766 0.545822102425876 0.5608187134502924 0.5 0.5678362573099416 0.46495956873315364 0.5672514619883041 0.4487870619946092 0.5567251461988304 0.42048517520215634 0.5415204678362573 0.4070080862533693 0.5362573099415204 0.39353099730458224 0.5280701754385965 0.39622641509433965 0.5280701754385965 0.408355795148248 0.5239766081871345 0.4110512129380054 0.5222222222222223 0.4285714285714286 0.5298245614035088 0.431266846361186
0 0.5116959064327485 0.05390835579514825 0.5111111111111111 0.07951482479784366 0.5076023391812866 0.09568733153638814 0.5111111111111111 0.13611859838274934 0.5052631578947369 0.15363881401617252 0.5152046783625731 0.15363881401617252 0.5152046783625731 0.11051212938005392 0.5222222222222223 0.09433962264150944 0.5257309941520468 0.09568733153638814 0.5403508771929825 0.1293800539083558 0.5421052631578948 0.1495956873315364 0.5473684210526316 0.14690026954177898 0.5497076023391813 0.13881401617250674 0.5345029239766081 0.10107816711590296 0.5309941520467837 0.08355795148247978 0.531578947368421 0.0646900269541779 0.5251461988304094 0.0431266846361186 0.5116959064327485 0.009433962264150945 0.5046783625730994 0.012129380053908356 0.5046783625730994 0.026954177897574125 0.5116959064327485 0.05390835579514825
0 0.5456140350877193 0.28571428571428575 0.5502923976608187 0.2816711590296496 0.5584795321637427 0.2978436657681941 0.5549707602339181 0.30997304582210244 0.5538011695906433 0.362533692722372 0.5578947368421052 0.3665768194070081 0.5614035087719298 0.3247978436657682 0.5684210526315789 0.3194070080862534 0.5888888888888889 0.34097035040431267 0.591812865497076 0.34905660377358494 0.591812865497076 0.3652291105121294 0.6005847953216374 0.3557951482479785 0.6011695906432749 0.3477088948787062 0.5859649122807018 0.3207547169811321 0.5812865497076023 0.30188679245283023 0.5812865497076023 0.28571428571428575 0.5707602339181287 0.24932614555256066 0.556140350877193 0.2169811320754717 0.5526315789473685 0.215633423180593 0.5461988304093567 0.22911051212938008 0.552046783625731 0.25202156334231807 0.5456140350877193 0.28571428571428575
0 0.5467836257309941 0.23180592991913748 0.5473684210526316 0.22371967654986524 0.5543859649122808 0.2115902964959569 0.547953216374269 0.18598382749326148 0.5426900584795322 0.18463611859838275 0.539766081871345 0.19002695417789758 0.539766081871345 0.2142857142857143 0.5467836257309941 0.23180592991913748
0 0.5362573099415204 0.3274932614555256 0.539766081871345 0.3423180592991914 0.5508771929824562 0.34905660377358494 0.5538011695906433 0.3140161725067386 0.5269005847953216 0.26280323450134774 0.5222222222222223 0.261455525606469 0.5181286549707602 0.27088948787061995 0.5187134502923977 0.29245283018867924 0.5362573099415204 0.3274932614555256
0 0.5216374269005848 0.3504043126684636 0.5228070175438596 0.37196765498652296 0.5187134502923977 0.38544474393531 0.5269005847953216 0.39083557951482484 0.539766081871345 0.38544474393531 0.5555555555555556 0.3975741239892184 0.5637426900584795 0.39353099730458224 0.5637426900584795 0.3867924528301887 0.5578947368421052 0.38005390835579517 0.547953216374269 0.3477088948787062 0.5239766081871345 0.3005390835579515 0.5163742690058479 0.2978436657681941 0.5128654970760234 0.30458221024258764 0.5116959064327485 0.3234501347708895 0.5216374269005848 0.3504043126684636
0 0.49064327485380116 0.4420485175202157 0.4865497076023392 0.4528301886792453 0.4865497076023392 0.46226415094339623 0.49181286549707603 0.46630727762803237 0.4912280701754386 0.46091644204851756 0.49473684210526314 0.4568733153638814 0.4982456140350877 0.43800539083557954 0.5076023391812866 0.45956873315363883 0.5192982456140351 0.46226415094339623 0.5192982456140351 0.42452830188679247 0.5134502923976608 0.41644204851752026 0.5152046783625731 0.4002695417789758 0.5239766081871345 0.39083557951482484 0.5017543859649123 0.37466307277628036 0.4964912280701754 0.3638814016172507 0.49181286549707603 0.3652291105121294 0.4888888888888889 0.37466307277628036 0.4953216374269006 0.4137466307277628 0.49064327485380116 0.4420485175202157
0 0.5526315789473685 0.8530997304582211 0.5485380116959064 0.8827493261455526 0.5485380116959064 0.9312668463611861 0.5456140350877193 0.9460916442048518 0.5391812865497077 0.9555256064690028 0.5514619883040935 0.9555256064690028 0.5567251461988304 0.9002695417789758 0.5666666666666667 0.8894878706199462 0.5877192982456141 0.9366576819407009 0.5894736842105264 0.9433962264150944 0.5883040935672514 0.9595687331536389 0.5929824561403508 0.963611859838275 0.5976608187134503 0.9447439353099731 0.5812865497076023 0.9043126684636119 0.5754385964912281 0.8544474393530997 0.5649122807017544 0.8045822102425877 0.5526315789473685 0.7654986522911051 0.5461988304093567 0.7641509433962265 0.5432748538011696 0.77088948787062 0.5432748538011696 0.7870619946091645 0.5526315789473685 0.8530997304582211
0 0.45263157894736844 0.9218328840970351 0.4450292397660819 0.9676549865229112 0.4456140350877193 0.9770889487870621 0.45730994152046783 0.9811320754716981 0.4590643274853801 0.9770889487870621 0.456140350877193 0.9716981132075472 0.464327485380117 0.9285714285714286 0.4649122807017544 0.9097035040431267 0.4608187134502924 0.8908355795148248 0.460233918128655 0.871967654986523 0.4672514619883041 0.8557951482479785 0.47017543859649125 0.8355795148247979 0.4754385964912281 0.8301886792452831 0.4754385964912281 0.8086253369272237 0.4666666666666667 0.8059299191374664 0.43508771929824563 0.862533692722372 0.43567251461988304 0.88544474393531 0.45263157894736844 0.9218328840970351
0 0.43742690058479533 0.555256064690027 0.4368421052631579 0.5700808625336927 0.4210526315789474 0.5876010781671159 0.4245614035087719 0.6024258760107817 0.4286549707602339 0.6051212938005391 0.43157894736842106 0.5876010781671159 0.44912280701754387 0.568733153638814 0.45380116959064326 0.5714285714285715 0.4461988304093567 0.6091644204851753 0.4473684210526316 0.6118598382749326 0.456140350877193 0.6159029649595688 0.46608187134502926 0.5956873315363882 0.47017543859649125 0.5983827493261455 0.47017543859649125 0.5889487870619946 0.4631578947368421 0.5768194070080863 0.4631578947368421 0.5485175202156335 0.4672514619883041 0.5404312668463612 0.47251461988304094 0.545822102425876 0.4760233918128655 0.5431266846361186 0.4789473684210526 0.5269541778975741 0.4777777777777778 0.5188679245283019 0.4584795321637427 0.5067385444743936 0.4444444444444445 0.5080862533692723 0.43742690058479533 0.5175202156334232 0.43450292397660817 0.5444743935309974 0.43742690058479533 0.555256064690027
0 0.17076023391812867 0.5080862533692723 0.17485380116959065 0.5336927223719676 0.1649122807017544 0.5808625336927224 0.1783625730994152 0.5916442048517521 0.17894736842105263 0.5849056603773585 0.19239766081871346 0.5727762803234502 0.19181286549707602 0.5673854447439354 0.1847953216374269 0.5619946091644206 0.1847953216374269 0.45822102425876016 0.19590643274853803 0.4272237196765499 0.19649122807017544 0.4097035040431267 0.1929824561403509 0.4029649595687332 0.18538011695906434 0.40431266846361186 0.17017543859649123 0.4420485175202157 0.16374269005847952 0.47978436657681944 0.1631578947368421 0.4986522911051213 0.17076023391812867 0.5080862533692723
0 0.4274853801169591 0.4919137466307278 0.4216374269005848 0.5107816711590297 0.41637426900584795 0.5175202156334232 0.408187134502924 0.5188679245283019 0.408187134502924 0.5269541778975741 0.4298245614035088 0.5215633423180593 0.4450292397660819 0.5067385444743936 0.4608187134502924 0.5053908355795148 0.45964912280701753 0.47708894878706204 0.47017543859649125 0.45822102425876016 0.47076023391812866 0.4474393530997305 0.46783625730994155 0.43800539083557954 0.4608187134502924 0.43530997304582214 0.456140350877193 0.4420485175202157 0.43450292397660817 0.44339622641509435 0.4263157894736842 0.4555256064690027 0.4251461988304094 0.4730458221024259 0.4274853801169591 0.4919137466307278
0 0.4111111111111111 0.42048517520215634 0.4070175438596491 0.44609164420485176 0.3894736842105263 0.48517520215633425 0.3953216374269006 0.5013477088948788 0.39883040935672515 0.5013477088948788 0.39707602339181286 0.4932614555256065 0.4239766081871345 0.4420485175202157 0.42923976608187137 0.4447439353099731 0.43450292397660817 0.4393530997304582 0.43216374269005847 0.42048517520215634 0.43333333333333335 0.38544474393531 0.4368421052631579 0.37196765498652296 0.43508771929824563 0.35714285714285715 0.42923976608187137 0.3477088948787062 0.4251461988304094 0.3477088948787062 0.41812865497076024 0.3692722371967655 0.40935672514619886 0.408355795148248 0.4111111111111111 0.42048517520215634
0 0.3865497076023392 0.4231805929919138 0.39005847953216377 0.43530997304582214 0.3935672514619883 0.43800539083557954 0.39473684210526316 0.41913746630727766 0.4111111111111111 0.4029649595687332 0.41695906432748536 0.39083557951482484 0.41578947368421054 0.3840970350404313 0.4233918128654971 0.3504043126684636 0.43508771929824563 0.34636118598382754 0.43567251461988304 0.34097035040431267 0.43274853801169594 0.3369272237196766 0.43274853801169594 0.3234501347708895 0.43508771929824563 0.3194070080862534 0.43216374269005847 0.3032345013477089 0.4257309941520468 0.3005390835579515 0.4035087719298246 0.35444743935309975 0.4017543859649123 0.3881401617250674 0.3865497076023392 0.4231805929919138
0 0.439766081871345 0.3423180592991914 0.4391812865497076 0.35714285714285715 0.4415204678362573 0.3706199460916442 0.43742690058479533 0.39353099730458224 0.4444444444444445 0.40161725067385445 0.4567251461988304 0.4002695417789758 0.4590643274853801 0.4137466307277628 0.4631578947368421 0.41509433962264153 0.460233918128655 0.3867924528301887 0.4614035087719298 0.353099730458221 0.4666666666666667 0.3504043126684636 0.46900584795321637 0.3423180592991914 0.47017543859649125 0.3113207547169812 0.4631578947368421 0.3032345013477089 0.45730994152046783 0.30997304582210244 0.4385964912280702 0.3086253369272237 0.43742690058479533 0.33557951482479786 0.439766081871345 0.3423180592991914
0 0.43625730994152045 0.3059299191374663 0.4567251461988304 0.3086253369272237 0.460233918128655 0.3032345013477089 0.45964912280701753 0.2978436657681941 0.46959064327485384 0.2587601078167116 0.4666666666666667 0.24663072776280326 0.4625730994152047 0.24528301886792453 0.43567251461988304 0.2641509433962264 0.43099415204678365 0.2762803234501348 0.43099415204678365 0.29380053908355797 0.43625730994152045 0.3059299191374663
0 0.31988304093567255 0.30390835579514824 0.31812865497076026 0.3477088948787062 0.32339181286549706 0.34905660377358494 0.32690058479532164 0.3665768194070081 0.3368421052631579 0.3679245283018868 0.33801169590643276 0.3652291105121294 0.3321637426900585 0.35444743935309975 0.3321637426900585 0.34905660377358494 0.33801169590643276 0.30458221024258764 0.34152046783625734 0.30727762803234504 0.34269005847953216 0.3032345013477089 0.3368421052631579 0.27358490566037735 0.3456140350877193 0.24797843665768196 0.34678362573099414 0.23315363881401618 0.34502923976608185 0.22237196765498654 0.34210526315789475 0.2169811320754717 0.3368421052631579 0.2183288409703504 0.316374269005848 0.2722371967654987 0.3157894736842105 0.2816711590296496 0.31988304093567255 0.30390835579514824
0 0.3257309941520468 0.14420485175202158 0.3298245614035088 0.11859838274932616 0.3350877192982456 0.10512129380053908 0.34385964912280703 0.12264150943396226 0.3432748538011696 0.14150943396226415 0.3485380116959064 0.14420485175202158 0.35730994152046786 0.03908355795148248 0.3538011695906433 0.016172506738544475 0.3473684210526316 0.016172506738544475 0.34385964912280703 0.030997304582210245 0.3339181286549708 0.04986522911051213 0.3280701754385965 0.1078167115902965 0.32339181286549706 0.1293800539083558 0.32280701754385965 0.14285714285714288 0.3257309941520468 0.14420485175202158