0 0.867175572519084 0.3239227340267459 0.8786259541984732 0.3462109955423477 0.8900763358778626 0.3987117384843982 0.8931297709923665 0.4725111441307578 0.8801526717557252 0.49331352154531943 0.899236641221374 0.4918276374442793 0.8977099236641222 0.475482912332838 0.9030534351145038 0.46359583952451705 0.9076335877862596 0.46805349182763745 0.9053435114503817 0.4279346210995542 0.9099236641221374 0.3937592867756315 0.9229007633587786 0.35364041604754826 0.9221374045801527 0.34323922734026746 0.8793893129770992 0.2689450222882615 0.8656488549618321 0.2615156017830609 0.8587786259541985 0.27191679049034173 0.8595419847328244 0.2971768202080238 0.867175572519084 0.3239227340267459
0 0.7923664122137405 0.3343239227340267 0.7908396946564885 0.34175334323922735 0.7961832061068702 0.37444279346210996 0.7877862595419848 0.39821693907875183 0.7755725190839694 0.413075780089153 0.7732824427480915 0.42199108469539376 0.783969465648855 0.4234769687964339 0.7992366412213741 0.40713224368499257 0.8091603053435115 0.4086181277860327 0.8076335877862595 0.4294205052005943 0.8030534351145038 0.4413075780089153 0.8061068702290076 0.44873699851411586 0.8061068702290076 0.5289747399702823 0.8030534351145038 0.5393759286775631 0.7938931297709924 0.5497771173848439 0.7938931297709924 0.5557206537890045 0.8091603053435115 0.5601783060921248 0.8145038167938932 0.5557206537890045 0.8183206106870229 0.4710252600297177 0.8312977099236641 0.4710252600297177 0.8381679389312977 0.48439821693907875 0.8526717557251908 0.5274888558692422 0.850381679389313 0.5542347696879643 0.8587786259541985 0.5527488855869241 0.8656488549618321 0.537890044576523 0.8419847328244274 0.4561664190193165 0.8389312977099237 0.40416047548291234 0.8244274809160306 0.3343239227340267 0.8099236641221373 0.30906389301634474 0.8076335877862595 0.28974739970282315 0.8030534351145038 0.28083209509658247 0.7908396946564885 0.28083209509658247 0.783969465648855 0.300148588410104 0.7854961832061068 0.3150074294205052 0.7923664122137405 0.3343239227340267
0 0.6816793893129771 0.1228335809806835 0.6770992366412214 0.18722139673105498 0.6854961832061068 0.19316493313521543 0.6893129770992367 0.18573551263001484 0.7022900763358778 0.17979197622585438 0.7061068702290076 0.19316493313521543 0.7145038167938931 0.1887072808320951 0.7122137404580152 0.14710252600297177 0.7030534351145038 0.11589895988112926 0.6969465648854962 0.07726597325408618 0.6862595419847328 0.06537890044576522 0.6770992366412214 0.0787518573551263 0.6748091603053435 0.08766716196136701 0.6816793893129771 0.1228335809806835
0 0.601526717557252 0.28083209509658247 0.6114503816793893 0.31054977711738485 0.6106870229007634 0.3313521545319465 0.6244274809160305 0.34323922734026746 0.6511450381679389 0.40416047548291234 0.650381679389313 0.413075780089153 0.6679389312977099 0.41753343239227336 0.6687022900763359 0.40713224368499257 0.6587786259541984 0.39078751857355126 0.6473282442748092 0.3491827637444279 0.6610687022900763 0.3239227340267459 0.6625954198473283 0.3031203566121842 0.6603053435114504 0.29123328380386326 0.6091603053435114 0.2288261515601783 0.5954198473282443 0.2303120356612184 0.5908396946564886 0.2436849925705795 0.5916030534351145 0.2689450222882615 0.601526717557252 0.28083209509658247
0 0.5641221374045802 0.3462109955423477 0.5740458015267176 0.3566121842496285 0.5793893129770993 0.36998514115898956 0.5717557251908397 0.3818722139673105 0.5610687022900763 0.38484398216939075 0.5603053435114503 0.39078751857355126 0.5641221374045802 0.39970282317979194 0.5763358778625954 0.39821693907875183 0.5801526717557252 0.40267459138187217 0.5847328244274809 0.43684992570579495 0.5847328244274809 0.46953937592867756 0.5748091603053435 0.487369985141159 0.599236641221374 0.4918276374442793 0.599236641221374 0.46805349182763745 0.6122137404580152 0.46210995542347694 0.6343511450381679 0.46805349182763745 0.6343511450381679 0.45319465081723626 0.6229007633587786 0.41753343239227336 0.6267175572519084 0.39970282317979194 0.6366412213740458 0.38632986627043087 0.6389312977099236 0.37592867756315007 0.6366412213740458 0.35809806835066865 0.6290076335877862 0.3447251114413076 0.5770992366412213 0.3031203566121842 0.5687022900763359 0.3031203566121842 0.5633587786259542 0.31054977711738485 0.5603053435114503 0.32838038632986627 0.5641221374045802 0.3462109955423477
0 0.5404580152671755 0.4294205052005943 0.5687022900763359 0.43239227340267455 0.5709923664122137 0.4279346210995542 0.567175572519084 0.40416047548291234 0.5603053435114503 0.3967310549777117 0.517557251908397 0.3803863298662704 0.5053435114503817 0.35958395245170877 0.49770992366412214 0.37295690936106984 0.49923664122137407 0.4101040118870728 0.5404580152671755 0.4294205052005943
0 0.5091603053435114 0.46508172362555716 0.5450381679389313 0.47845468053491824 0.5625954198473282 0.49628528974739966 0.5740458015267176 0.46953937592867756 0.5740458015267176 0.450222882615156 0.566412213740458 0.43387815750371467 0.5183206106870228 0.424962852897474 0.5099236641221374 0.41456166419019314 0.4984732824427481 0.41456166419019314 0.49770992366412214 0.44576523031203563 0.5091603053435114 0.46508172362555716
0 0.49694656488549616 0.5230312035661218 0.516030534351145 0.5319465081723626 0.5396946564885496 0.5586924219910847 0.5480916030534351 0.5542347696879643 0.5603053435114503 0.5304606240713224 0.5603053435114503 0.49925705794947994 0.5519083969465649 0.48588410104011887 0.5190839694656488 0.46508172362555716 0.5030534351145038 0.46359583952451705 0.49770992366412214 0.45319465081723626 0.48778625954198473 0.45468053491827637 0.48244274809160304 0.46359583952451705 0.4809160305343511 0.48439821693907875 0.49694656488549616 0.5230312035661218
0 0.4732824427480916 0.5661218424962853 0.5290076335877862 0.5913818722139673 0.5358778625954198 0.5898959881129272 0.5396946564885496 0.5794947994056463 0.5374045801526718 0.5586924219910847 0.5236641221374045 0.5408618127786032 0.4763358778625954 0.5037147102526003 0.467175572519084 0.5066864784546805 0.4625954198473282 0.5185735512630014 0.4618320610687023 0.5349182763744428 0.4732824427480916 0.5661218424962853
0 0.47404580152671755 0.586924219910847 0.4908396946564885 0.6552748885586924 0.500763358778626 0.6597325408618128 0.5053435114503817 0.6686478454680534 0.5297709923664122 0.6701337295690936 0.5534351145038168 0.6404160475482912 0.549618320610687 0.613670133729569 0.5396946564885496 0.5973254086181278 0.5183206106870228 0.5839524517087666 0.49694656488549616 0.5794947994056463 0.4847328244274809 0.5646359583952452 0.47557251908396947 0.5705794947994056 0.4732824427480916 0.5735512630014858 0.47404580152671755 0.586924219910847
0 0.4022900763358779 0.6537890044576523 0.42748091603053434 0.6671619613670133 0.45038167938931295 0.662704309063893 0.4618320610687023 0.687964338781575 0.4625954198473282 0.7072808320950965 0.4488549618320611 0.7696879643387815 0.44580152671755724 0.8350668647845467 0.4404580152671756 0.8469539375928677 0.4312977099236641 0.8543833580980683 0.43282442748091604 0.8647845468053491 0.4534351145038168 0.8647845468053491 0.46030534351145036 0.7786032689450223 0.4725190839694656 0.75037147102526 0.4816793893129771 0.75037147102526 0.48702290076335875 0.7682020802377414 0.5183206106870228 0.826151560178306 0.5198473282442748 0.8395245170876671 0.5145038167938931 0.8528974739970282 0.5152671755725191 0.8603268945022288 0.5251908396946565 0.8588410104011887 0.5351145038167939 0.8484398216939079 0.5343511450381679 0.838038632986627 0.516030534351145 0.7890044576523031 0.5076335877862596 0.775631500742942 0.4908396946564885 0.6968796433878157 0.49236641221374045 0.6686478454680534 0.4778625954198473 0.6121842496285289 0.4725190839694656 0.5973254086181278 0.46564885496183206 0.5973254086181278 0.46030534351145036 0.5780089153046062 0.45267175572519086 0.5735512630014858 0.4450381679389313 0.5809806835066864 0.44274809160305345 0.6017830609212481 0.4480916030534351 0.6196136701337296 0.4480916030534351 0.6315007429420505 0.44274809160305345 0.6448736998514115 0.42290076335877863 0.6493313521545319 0.40916030534351144 0.6389301634472511 0.39618320610687024 0.6389301634472511 0.3969465648854962 0.6478454680534917 0.4022900763358779 0.6537890044576523
0 0.5290076335877862 0.13967310549777118 0.549618320610687 0.17533432392273401 0.5450381679389313 0.20208023774145617 0.5450381679389313 0.2303120356612184 0.5618320610687023 0.23328380386329864 0.5549618320610687 0.22288261515601782 0.5541984732824428 0.2010891530460624 0.5618320610687023 0.1887072808320951 0.5633587786259542 0.19316493313521543 0.567175572519084 0.1887072808320951 0.567175572519084 0.1263001485884101 0.5732824427480916 0.10401188707280831 0.5854961832061069 0.09063893016344725 0.5877862595419847 0.07280832095096582 0.5847328244274809 0.05794947994056463 0.5778625954198473 0.05052005943536404 0.5709923664122137 0.052005943536404156 0.5618320610687023 0.07280832095096582 0.5374045801526718 0.08766716196136701 0.5267175572519084 0.11144130757800891 0.5259541984732824 0.1277860326894502 0.5290076335877862 0.13967310549777118
0 0.4908396946564885 0.2615156017830609 0.4954198473282443 0.26300148588410105 0.5015267175572519 0.2555720653789004 0.5152671755725191 0.27191679049034173 0.517557251908397 0.2852897473997028 0.516793893129771 0.33729569093610695 0.5190839694656488 0.3447251114413076 0.5221374045801527 0.34323922734026746 0.5259541984732824 0.3031203566121842 0.5305343511450381 0.28826151560178304 0.5305343511450381 0.22585438335809804 0.5458015267175572 0.17533432392273401 0.5396946564885496 0.15601783060921248 0.5282442748091603 0.15304606240713223 0.5213740458015267 0.17682020802377413 0.49923664122137407 0.20356612184249628 0.4900763358778626 0.22436849925705793 0.48854961832061067 0.24665676077265972 0.4908396946564885 0.2615156017830609
0 0.4450381679389313 0.4086181277860327 0.4450381679389313 0.41456166419019314 0.4381679389312977 0.424962852897474 0.4404580152671756 0.44576523031203563 0.46412213740458014 0.43239227340267455 0.4763358778625954 0.40713224368499257 0.48396946564885496 0.4442793462109955 0.48931297709923666 0.4442793462109955 0.4916030534351145 0.40564635958395245 0.48778625954198473 0.38930163447251115 0.4916030534351145 0.38484398216939075 0.49694656488549616 0.35958395245170877 0.5045801526717557 0.35512630014858837 0.5083969465648855 0.3462109955423477 0.5045801526717557 0.3239227340267459 0.4908396946564885 0.32095096582466565 0.4725190839694656 0.3343239227340267 0.44274809160305345 0.3313521545319465 0.4343511450381679 0.3462109955423477 0.4351145038167939 0.38335809806835064 0.4450381679389313 0.4086181277860327
0 0.416030534351145 0.40416047548291234 0.4183206106870229 0.41456166419019314 0.42290076335877863 0.41753343239227336 0.4251908396946565 0.41456166419019314 0.42366412213740456 0.40713224368499257 0.42900763358778626 0.3967310549777117 0.42748091603053434 0.38335809806835064 0.4251908396946565 0.3789004457652303 0.416793893129771 0.3803863298662704 0.41450381679389314 0.3818722139673105 0.416030534351145 0.40416047548291234
0 0.4442748091603053 0.3313521545319465 0.4854961832061069 0.32838038632986627 0.5122137404580153 0.300148588410104 0.5122137404580153 0.27340267459138184 0.5091603053435114 0.2659732540861813 0.5030534351145038 0.26448736998514116 0.4961832061068702 0.27934621099554235 0.4916030534351145 0.27340267459138184 0.47022900763358777 0.27637444279346207 0.46870229007633585 0.2823179791976226 0.4488549618320611 0.29569093610698366 0.44274809160305345 0.3164933135215453 0.44198473282442746 0.3298662704309064 0.4442748091603053 0.3313521545319465
0 0.3656488549618321 0.49479940564635955 0.37404580152671757 0.5081723625557206 0.38244274809160306 0.5096582466567607 0.3893129770992366 0.49479940564635955 0.3946564885496183 0.49331352154531943 0.40916030534351144 0.49628528974739966 0.4183206106870229 0.5081723625557206 0.4259541984732824 0.5037147102526003 0.4259541984732824 0.48588410104011887 0.42900763358778626 0.4739970282317979 0.4351145038167939 0.46805349182763745 0.43740458015267175 0.450222882615156 0.43206106870229005 0.4279346210995542 0.4213740458015267 0.424962852897474 0.4152671755725191 0.4398216939078752 0.3748091603053435 0.4398216939078752 0.3618320610687023 0.45468053491827637 0.3610687022900763 0.47696879643387813 0.3656488549618321 0.49479940564635955
0 0.33587786259541985 0.5913818722139673 0.33129770992366414 0.5973254086181278 0.33511450381679386 0.6062407132243685 0.33511450381679386 0.62555720653789 0.3297709923664122 0.6344725111441307 0.32900763358778623 0.6508172362555721 0.3480916030534351 0.6597325408618128 0.37404580152671757 0.6196136701337296 0.3801526717557252 0.6567607726597325 0.38702290076335877 0.6612184249628529 0.3900763358778626 0.6582466567607727 0.38702290076335877 0.6329866270430906 0.3977099236641221 0.6225854383358098 0.39923664122137403 0.6300148588410104 0.4083969465648855 0.6329866270430906 0.3916030534351145 0.5616641901931649 0.39236641221374047 0.5542347696879643 0.4083969465648855 0.5304606240713224 0.4068702290076336 0.5141158989598811 0.4 0.5007429420505201 0.3900763358778626 0.49925705794947994 0.37709923664122136 0.512630014858841 0.3580152671755725 0.5052005943536404 0.3381679389312977 0.5066864784546805 0.32748091603053436 0.5185735512630014 0.32595419847328244 0.5260029717682021 0.33587786259541985 0.5913818722139673
0 0.3137404580152672 0.7741456166419018 0.3145038167938931 0.7682020802377414 0.30381679389312977 0.75037147102526 0.30381679389312977 0.7072808320950965 0.29770992366412213 0.7087667161961366 0.2931297709923664 0.7265973254086181 0.2916030534351145 0.7667161961367013 0.3137404580152672 0.7741456166419018
0 0.28854961832061066 0.6716196136701337 0.29083969465648857 0.6582466567607727 0.3 0.6493313521545319 0.3099236641221374 0.6582466567607727 0.31221374045801525 0.62555720653789 0.31603053435114503 0.6121842496285289 0.3244274809160305 0.6166419019316493 0.3297709923664122 0.6077265973254086 0.3251908396946565 0.5884101040118871 0.3320610687022901 0.5572065378900446 0.33129770992366414 0.537890044576523 0.3244274809160305 0.5274888558692422 0.3137404580152672 0.5319465081723626 0.27557251908396946 0.6047548291233283 0.26717557251908397 0.6285289747399703 0.2648854961832061 0.6508172362555721 0.2648854961832061 0.6849925705794948 0.28854961832061066 0.6716196136701337
0 0.250381679389313 0.7786032689450223 0.2603053435114504 0.7830609212481426 0.26564885496183205 0.7979197622585438 0.24732824427480915 0.8722139673105498 0.2648854961832061 0.8855869242199108 0.26717557251908397 0.8826151560178306 0.2633587786259542 0.8603268945022288 0.2694656488549618 0.8469539375928677 0.27557251908396946 0.8528974739970282 0.29083969465648857 0.8514115898959881 0.283206106870229 0.838038632986627 0.2816793893129771 0.8231797919762258 0.29465648854961835 0.7860326894502229 0.28931297709923665 0.7711738484398216 0.2862595419847328 0.7369985141158989 0.29465648854961835 0.713224368499257 0.31221374045801525 0.6968796433878157 0.31068702290076333 0.6597325408618128 0.3015267175572519 0.6493313521545319 0.2931297709923664 0.6537890044576523 0.2862595419847328 0.6731054977711738 0.24961832061068703 0.7043090638930163 0.24122137404580152 0.7295690936106983 0.24045801526717556 0.7459138187221397 0.250381679389313 0.7786032689450223
0 0.2083969465648855 0.4442793462109955 0.20305343511450383 0.4739970282317979 0.2015267175572519 0.5170876671619613 0.21450381679389313 0.5185735512630014 0.2099236641221374 0.4970282317979197 0.21603053435114503 0.4829123328380386 0.23435114503816792 0.487369985141159 0.22442748091603054 0.46805349182763745 0.2282442748091603 0.40267459138187217 0.2312977099236641 0.3922734026745914 0.23740458015267174 0.3967310549777117 0.2450381679389313 0.3937592867756315 0.23435114503816792 0.362555720653789 0.24198473282442748 0.3343239227340267 0.25190839694656486 0.3179791976225854 0.25190839694656486 0.28974739970282315 0.2450381679389313 0.27786032689450224 0.23435114503816792 0.28083209509658247 0.2297709923664122 0.3031203566121842 0.21908396946564884 0.3164933135215453 0.19541984732824427 0.3655274888558692 0.19236641221374046 0.38632986627043087 0.2083969465648855 0.4442793462109955
0 0.08091603053435115 0.6032689450222882 0.08015267175572519 0.6196136701337296 0.08549618320610687 0.6478454680534917 0.07938931297709924 0.7265973254086181 0.08473282442748091 0.7340267459138187 0.09770992366412214 0.7340267459138187 0.10305343511450382 0.7295690936106983 0.10305343511450382 0.7102526002971767 0.11603053435114503 0.7028231797919762 0.10076335877862595 0.6849925705794948 0.10305343511450382 0.613670133729569 0.10763358778625955 0.6017830609212481 0.10458015267175573 0.5542347696879643 0.11526717557251909 0.5289747399702823 0.12137404580152672 0.5052005943536404 0.12137404580152672 0.4918276374442793 0.13282442748091602 0.46805349182763745 0.13129770992366413 0.44873699851411586 0.12595419847328243 0.4398216939078752 0.11145038167938931 0.4442793462109955 0.10458015267175573 0.4710252600297177 0.07480916030534351 0.5497771173848439 0.07404580152671755 0.5720653789004457 0.08091603053435115 0.6032689450222882
0 0.09312977099236641 0.3476968796433878 0.10076335877862595 0.38335809806835064 0.09541984732824427 0.39970282317979194 0.08854961832061069 0.45319465081723626 0.0916030534351145 0.4591381872213967 0.10152671755725191 0.4576523031203566 0.09923664122137404 0.4353640416047548 0.12595419847328243 0.43387815750371467 0.11221374045801527 0.41753343239227336 0.11984732824427481 0.36701337295690933 0.12061068702290076 0.32243684992570576 0.116793893129771 0.30757800891530457 0.11984732824427481 0.2867756315007429 0.1267175572519084 0.27340267459138184 0.1297709923664122 0.25705794947994054 0.14045801526717558 0.237741456166419 0.1412213740458015 0.2303120356612184 0.1366412213740458 0.21545319465081722 0.12748091603053435 0.2065378900445765 0.11984732824427481 0.212481426448737 0.116793893129771 0.2303120356612184 0.09312977099236641 0.27340267459138184 0.08473282442748091 0.3016344725111441 0.08396946564885496 0.3343239227340267 0.09312977099236641 0.3476968796433878