0 0.7163406214039125 0.36671001300390116 0.7307249712313003 0.37061118335500653 0.7318757192174914 0.36150845253576075 0.7652474108170311 0.364109232769831 0.7652474108170311 0.3550065019505852 0.7514384349827388 0.3068920676202861 0.7508630609896433 0.2483745123537061 0.7284234752589183 0.17815344603381014 0.7220943613348677 0.17555266579973994 0.716915995397008 0.1820546163849155 0.714614499424626 0.19245773732119636 0.7163406214039125 0.36671001300390116
0 0.7508630609896433 0.17425227568270482 0.7525891829689298 0.1950585175552666 0.7560414269275029 0.29908972691807545 0.7543153049482163 0.31339401820546164 0.7577675489067894 0.3198959687906372 0.7623705408515535 0.3198959687906372 0.7686996547756041 0.30429128738621586 0.7704257767548907 0.24187256176853056 0.7738780207134638 0.21196358907672302 0.7652474108170311 0.16514954486345904 0.760644418872267 0.15864759427828348 0.759493670886076 0.13654096228868662 0.7514384349827388 0.13263979193758127 0.7462600690448792 0.14304291287386217 0.7456846950517837 0.15734720416124837 0.7508630609896433 0.17425227568270482
0 0.620253164556962 0.23667100130039012 0.6214039125431531 0.2340702210663199 0.6156501726121979 0.21326397919375814 0.6156501726121979 0.2340702210663199 0.620253164556962 0.23667100130039012
0 0.6018411967779056 0.18855656697009104 0.6116225546605294 0.19375812743823148 0.6156501726121979 0.20416124837451236 0.6231300345224395 0.18985695708712613 0.622554660529344 0.17685305591677503 0.616800920598389 0.16384915474642392 0.6058688147295742 0.15344603381014305 0.5937859608745685 0.1508452535760728 0.5909090909090909 0.16384915474642392 0.6018411967779056 0.18855656697009104
0 0.5811277330264673 0.1976592977893368 0.6052934407364787 0.23667100130039012 0.6104718066743383 0.23667100130039012 0.6162255466052935 0.22366710013003901 0.6098964326812428 0.19245773732119636 0.5880322209436134 0.16124837451235371 0.5811277330264673 0.15864759427828348 0.5747986191024166 0.16905071521456438 0.5747986191024166 0.17815344603381014 0.5811277330264673 0.1976592977893368
0 0.5742232451093211 0.24317295188556567 0.57307249712313 0.25227568270481143 0.5667433831990794 0.2574772431729519 0.567318757192175 0.26397919375812745 0.5747986191024166 0.27828348504551365 0.5822784810126582 0.2834850455136541 0.5834292289988493 0.30299089726918077 0.5960874568469505 0.3107932379713914 0.5903337169159953 0.2743823146944083 0.6052934407364787 0.2613784135240572 0.6035673187571922 0.235370611183355 0.5914844649021864 0.21846553966189858 0.5747986191024166 0.18335500650195058 0.5701956271576525 0.18075422626788037 0.5644418872266973 0.1859557867360208 0.5621403912543153 0.20026007802340703 0.5742232451093211 0.24317295188556567
0 0.5327963176064442 0.28738621586475943 0.5420023014959724 0.26527958387516254 0.5327963176064442 0.23667100130039012 0.525891829689298 0.23797139141742524 0.5230149597238205 0.247074122236671 0.5241657077100115 0.26788036410923277 0.5327963176064442 0.28738621586475943
0 0.5431530494821634 0.31729518855656696 0.5483314154200231 0.31469440832249673 0.5563866513233602 0.3459037711313394 0.5575373993095513 0.36280884265279584 0.5535097813578826 0.3693107932379714 0.5598388952819332 0.3771131339401821 0.5592635212888377 0.3862158647594278 0.5632911392405063 0.3992197659297789 0.570771001150748 0.41482444733420026 0.5759493670886076 0.4174252275682705 0.5834292289988493 0.435630689206762 0.5799769850402762 0.44603381014304294 0.5845799769850403 0.44603381014304294 0.5920598388952819 0.42522756827048114 0.5776754890678941 0.4044213263979194 0.5782508630609896 0.37581274382314694 0.5840046029919448 0.35240572171651496 0.5817031070195627 0.3342002600780234 0.5552359033371692 0.28218465539661897 0.5489067894131185 0.2756827048114434 0.5414269275028769 0.2808842652795839 0.5397008055235903 0.28738621586475943 0.5431530494821634 0.31729518855656696
0 0.5742232451093211 0.3198959687906372 0.5799769850402762 0.3237971391417425 0.5817031070195627 0.29908972691807545 0.5794016110471807 0.28738621586475943 0.5615650172612198 0.2574772431729519 0.5535097813578826 0.2574772431729519 0.5443037974683544 0.26918075422626786 0.5443037974683544 0.2743823146944083 0.5742232451093211 0.3198959687906372
0 0.5575373993095513 0.43693107932379716 0.5598388952819332 0.4668400520156047 0.5540851553509781 0.4928478543563069 0.5552359033371692 0.5318595578673602 0.5535097813578826 0.5474642392717816 0.5466052934407365 0.5630689206762028 0.5598388952819332 0.5604681404421327 0.5632911392405063 0.5071521456436932 0.5655926352128884 0.5006501950585176 0.5753739930955121 0.49804941482444737 0.5822784810126582 0.5214564369310793 0.595512082853855 0.5448634590377113 0.5978135788262371 0.5565669700910273 0.595512082853855 0.5708712613784135 0.6058688147295742 0.5630689206762028 0.6064441887226697 0.5513654096228868 0.5949367088607594 0.5227568270481144 0.5903337169159953 0.517555266579974 0.5851553509781358 0.46293888166449937 0.567318757192175 0.39661898569570875 0.5632911392405063 0.39791937581274384 0.5558112773302647 0.37581274382314694 0.5477560414269275 0.37971391417425226 0.5466052934407365 0.3992197659297789 0.5575373993095513 0.43693107932379716
0 0.4873417721518987 0.5006501950585176 0.4861910241657077 0.5214564369310793 0.49252013808975836 0.5630689206762028 0.4896432681242808 0.58777633289987 0.4890678941311853 0.647594278283485 0.4844649021864212 0.6710013003901171 0.4953970080552359 0.6684005201560468 0.4948216340621404 0.6397919375812744 0.4982738780207135 0.6020806241872562 0.5051783659378596 0.5890767230169051 0.5155350978135789 0.6202860858257477 0.5287686996547756 0.6488946684005201 0.5322209436133487 0.6657997399219766 0.5299194476409667 0.6775032509752926 0.5397008055235903 0.6736020806241872 0.5414269275028769 0.6684005201560468 0.5397008055235903 0.6566970091027309 0.522439585730725 0.6137841352405722 0.5189873417721519 0.5617685305591678 0.5080552359033371 0.5110533159947984 0.501150747986191 0.4928478543563069 0.4965477560414269 0.4889466840052016 0.49309551208285385 0.4655396618985696 0.4856156501726122 0.46293888166449937 0.4815880322209436 0.47074122236671 0.4810126582278481 0.4837451235370611 0.4873417721518987 0.5006501950585176
0 0.48676639815880324 0.905071521456437 0.48331415420023016 0.9102730819245773 0.4942462600690449 0.9128738621586476 0.4982738780207135 0.9089726918075423 0.4994246260069045 0.8504551365409623 0.5046029919447641 0.8387516254876463 0.5086306098964327 0.8374512353706112 0.5143843498273878 0.8608582574772432 0.5327963176064442 0.8985695708712614 0.5304948216340621 0.9141742522756827 0.5397008055235903 0.9141742522756827 0.5431530494821634 0.9063719115734721 0.5425776754890679 0.8985695708712614 0.5281933256616801 0.8673602080624188 0.520138089758343 0.8179453836150845 0.5184119677790564 0.7906371911573472 0.5 0.7139141742522757 0.4907940161104718 0.7048114434330299 0.4844649021864212 0.7191157347204161 0.4890678941311853 0.7568270481144344 0.48676639815880324 0.905071521456437
0 0.4982738780207135 0.19635890767230169 0.4994246260069045 0.20026007802340703 0.5017261219792866 0.22626788036410925 0.5028768699654775 0.1846553966189857 0.5103567318757192 0.17425227568270482 0.5161104718066744 0.17425227568270482 0.5207134637514385 0.1482444733420026 0.523590333716916 0.1482444733420026 0.5281933256616801 0.1599479843953186 0.5322209436133487 0.20416124837451236 0.5385500575373993 0.2067620286085826 0.5339470655926352 0.17815344603381014 0.5327963176064442 0.15344603381014305 0.5379746835443038 0.13263979193758127 0.5373993095512083 0.11183355006501951 0.5327963176064442 0.10663198959687907 0.503452243958573 0.10793237971391417 0.5 0.1222366710013004 0.5109321058688148 0.1352405721716515 0.5115074798619103 0.1482444733420026 0.5074798619102416 0.16254876462938883 0.501150747986191 0.16775032509752927 0.4982738780207135 0.17945383615084526 0.4936708860759494 0.18335500650195058 0.4942462600690449 0.19895968790637192 0.4982738780207135 0.19635890767230169
0 0.47583429228998847 0.22756827048114434 0.47410817031070196 0.23797139141742524 0.46375143843498273 0.2613784135240572 0.4672036823935558 0.26397919375812745 0.48043728423475257 0.2444733420026008 0.48676639815880324 0.247074122236671 0.48791714614499426 0.2834850455136541 0.4982738780207135 0.28998699609882966 0.49309551208285385 0.27308192457737324 0.4948216340621404 0.22496749024707413 0.4902186421173763 0.19375812743823148 0.5005753739930955 0.16514954486345904 0.5057537399309551 0.16384915474642392 0.5103567318757192 0.14174252275682706 0.5092059838895282 0.13394018205461639 0.503452243958573 0.12483745123537061 0.4982738780207135 0.12613784135240572 0.4936708860759494 0.14174252275682706 0.4827387802071346 0.15474642392717816 0.4706559263521289 0.18725617685305593 0.4700805523590334 0.20546163849154747 0.47583429228998847 0.22756827048114434
0 0.37744533947065595 0.21326397919375814 0.3762945914844649 0.23016905071521457 0.3705408515535098 0.25487646293888166 0.38377445339470656 0.2613784135240572 0.39182968929804374 0.2444733420026008 0.38550057537399307 0.2340702210663199 0.38895281933256615 0.20156046814044215 0.3866513233601841 0.1729518855656697 0.3970080552359033 0.14434330299089726 0.4039125431530495 0.13394018205461639 0.404487917146145 0.11833550065019506 0.4004602991944764 0.10923276983094929 0.3924050632911392 0.10923276983094929 0.3878020713463751 0.12613784135240572 0.37284234752589185 0.14174252275682706 0.36421173762945913 0.1599479843953186 0.3659378596087457 0.17555266579973994 0.37744533947065595 0.21326397919375814
0 0.43958573072497126 0.32249674902470743 0.4608745684695052 0.3159947984395319 0.476409666283084 0.30429128738621586 0.48504027617951667 0.2886866059817945 0.4856156501726122 0.270481144343303 0.4827387802071346 0.2626788036410923 0.47756041426927504 0.26007802340702213 0.4718066743383199 0.26918075422626786 0.4620253164556962 0.26397919375812745 0.44131185270425777 0.270481144343303 0.4361334867663982 0.2808842652795839 0.4361334867663982 0.3185955786736021 0.43958573072497126 0.32249674902470743
0 0.4142692750287687 0.3589076723016905 0.4194476409666283 0.3810143042912874 0.4154200230149597 0.39661898569570875 0.41829689298043726 0.41482444733420026 0.42174913693901034 0.41482444733420026 0.42174913693901034 0.4057217165149545 0.42692750287687 0.3940182054616385 0.43498273878020716 0.4044213263979194 0.4344073647871116 0.41092327698309494 0.43843498273878023 0.41222366710013003 0.4620253164556962 0.3771131339401821 0.46835443037974683 0.4070221066319896 0.4718066743383199 0.4057217165149545 0.46490218642117376 0.35760728218465543 0.476409666283084 0.3459037711313394 0.47871116225546606 0.3237971391417425 0.47468354430379744 0.3068920676202861 0.4712313003452244 0.3068920676202861 0.4689298043728424 0.31729518855656696 0.44533947065592633 0.3198959687906372 0.4286536248561565 0.3328998699609883 0.4223245109321059 0.35240572171651496 0.4142692750287687 0.3589076723016905
0 0.4344073647871116 0.4655396618985696 0.4315304948216341 0.4798439531859558 0.4142692750287687 0.5019505851755527 0.4177215189873418 0.5214564369310793 0.42117376294591485 0.5240572171651495 0.4252013808975834 0.5045513654096229 0.4361334867663982 0.494148244473342 0.4390103567318757 0.5084525357607282 0.43670886075949367 0.5123537061118335 0.4372842347525892 0.5188556566970091 0.44533947065592633 0.5305591677503251 0.44936708860759494 0.5318595578673602 0.4643268124280783 0.5032509752925878 0.4700805523590334 0.5071521456436932 0.47295742232451093 0.4759427828348505 0.476409666283084 0.47334200260078024 0.47410817031070196 0.4616384915474642 0.475258918296893 0.4538361508452536 0.48216340621403914 0.4317295188556567 0.4815880322209436 0.4135240572171652 0.47295742232451093 0.4070221066319896 0.4700805523590334 0.41482444733420026 0.4640391254315305 0.4187256176853056 0.4361334867663982 0.4226267880364109 0.4326812428078251 0.4395318595578674 0.4344073647871116 0.4655396618985696
0 0.38262370540851554 0.4655396618985696 0.39010356731875717 0.5211313394018205 0.3895281933256617 0.5604681404421327 0.3924050632911392 0.5643693107932379 0.4050632911392405 0.5630689206762028 0.40276179516685845 0.5448634590377113 0.40736478711162255 0.4174252275682705 0.41024165707710014 0.3992197659297789 0.41657077100115075 0.3823146944083225 0.4154200230149597 0.36540962288686607 0.4050632911392405 0.36280884265279584 0.3768699654775604 0.4343302990897269 0.3768699654775604 0.45513654096228867 0.38262370540851554 0.4655396618985696
0 0.36075949367088606 0.6189856957087126 0.3486766398158803 0.6631989596879064 0.3486766398158803 0.6710013003901171 0.3619102416570771 0.6775032509752926 0.3739930955120829 0.6605981794538361 0.3878020713463751 0.6566970091027309 0.38895281933256615 0.6501950585175553 0.38550057537399307 0.647594278283485 0.3711162255466053 0.5656697009102731 0.378596087456847 0.5253576072821846 0.3866513233601841 0.5071521456436932 0.38434982738780205 0.4915474642392718 0.37917146144994246 0.48634590377113135 0.37284234752589185 0.48764629388816644 0.3486766398158803 0.5630689206762028 0.3486766398158803 0.5903771131339401 0.36075949367088606 0.6189856957087126
0 0.043153049482163405 0.7841352405721717 0.048906789413118525 0.8036410923276983 0.037399309551208286 0.8582574772431729 0.0379746835443038 0.8647594278283485 0.051208285385500575 0.8621586475942783 0.056962025316455694 0.881664499349805 0.07192174913693901 0.8803641092327699 0.07307249712313003 0.8764629388816645 0.06444188722669736 0.8647594278283485 0.06214039125431531 0.8504551365409623 0.06386651323360185 0.799739921976593 0.06098964326812428 0.7834850455136542 0.06098964326812428 0.7607282184655397 0.07422324510932106 0.7243172951885566 0.0811277330264672 0.716514954486346 0.0857307249712313 0.6970091027308193 0.08457997698504027 0.6788036410923277 0.07767548906789414 0.6671001300390117 0.06962025316455696 0.6710013003901171 0.06559263521288838 0.6879063719115734 0.04948216340621404 0.7139141742522757 0.03394706559263521 0.7503250975292588 0.03394706559263521 0.7711313394018205 0.043153049482163405 0.7841352405721717
0 0.039700805523590336 0.18725617685305593 0.028768699654775604 0.22886866059817945 0.029344073647871116 0.235370611183355 0.039700805523590336 0.24057217165149544 0.03682393555811277 0.2197659297789337 0.05293440736478711 0.17945383615084526 0.05753739930955121 0.18725617685305593 0.06789413118527042 0.23016905071521457 0.07710011507479862 0.23146944083224968 0.06962025316455696 0.21196358907672302 0.06329113924050633 0.1820546163849155 0.0661680092059839 0.16775032509752927 0.06098964326812428 0.12743823146944083 0.06444188722669736 0.10273081924577374 0.06386651323360185 0.07802340702210664 0.05753739930955121 0.06892067620286085 0.04948216340621404 0.0741222366710013 0.047756041426927506 0.0975292587776333 0.03855005753739931 0.11443433029908973 0.03567318757192175 0.1352405721716515 0.03567318757192175 0.1599479843953186 0.039700805523590336 0.18725617685305593