0 0.904487917146145 0.44906166219839144 0.9125431530494822 0.4544235924932976 0.9148446490218642 0.4517426273458445 0.9154200230149597 0.43699731903485256 0.9113924050632911 0.40482573726541554 0.9188722669735327 0.3699731903485255 0.9182968929804373 0.35254691689008044 0.9096662830840047 0.3002680965147453 0.9050632911392406 0.29356568364611263 0.8981588032220944 0.3002680965147453 0.9079401611047181 0.4343163538873995 0.904487917146145 0.44906166219839144
0 0.5535097813578826 0.34048257372654156 0.5500575373993095 0.35924932975871315 0.5546605293440736 0.3699731903485255 0.5535097813578826 0.386058981233244 0.5638665132336018 0.4155495978552279 0.5753739930955121 0.30563002680965146 0.5581127733026467 0.306970509383378 0.5540851553509781 0.29088471849865954 0.5500575373993095 0.29088471849865954 0.5466052934407365 0.2989276139410188 0.5466052934407365 0.3284182305630027 0.5535097813578826 0.34048257372654156
0 0.5586881472957422 0.45844504021447724 0.5604142692750288 0.4718498659517426 0.5638665132336018 0.5442359249329759 0.5609896432681243 0.5563002680965148 0.5678941311852704 0.5589812332439679 0.5701956271576525 0.5536193029490617 0.570771001150748 0.517426273458445 0.5771001150747986 0.46782841823056304 0.5604142692750288 0.4101876675603217 0.5529344073647872 0.40482573726541554 0.5489067894131185 0.41420911528150134 0.5529344073647872 0.44638069705093836 0.5586881472957422 0.45844504021447724
0 0.5402761795166858 0.5723860589812333 0.5379746835443038 0.5911528150134049 0.5391254315304949 0.613941018766756 0.5483314154200231 0.6367292225201072 0.546029919447641 0.6528150134048257 0.5546605293440736 0.6541554959785523 0.5569620253164557 0.646112600536193 0.5546605293440736 0.6407506702412868 0.5523590333716916 0.6085790884718498 0.5609896432681243 0.593833780160858 0.5627157652474108 0.5764075067024129 0.5379746835443038 0.5227882037533512 0.5316455696202531 0.5214477211796247 0.5293440736478712 0.5268096514745308 0.5287686996547756 0.5428954423592494 0.5402761795166858 0.5723860589812333
0 0.5310701956271576 0.6689008042895442 0.5253164556962026 0.6836461126005362 0.5287686996547756 0.6997319034852547 0.5264672036823935 0.7117962466487936 0.5276179516685846 0.7627345844504022 0.5184119677790564 0.7788203753351206 0.5212888377445339 0.7841823056300268 0.5322209436133487 0.7841823056300268 0.5345224395857308 0.7761394101876675 0.5443037974683544 0.772117962466488 0.5397008055235903 0.7225201072386059 0.543728423475259 0.6970509383378016 0.5466052934407365 0.693029490616622 0.5454545454545454 0.6327077747989276 0.5345224395857308 0.593833780160858 0.5270425776754891 0.5911528150134049 0.5230149597238205 0.6058981233243967 0.525891829689298 0.6407506702412868 0.5310701956271576 0.6689008042895442
0 0.4844649021864212 0.16353887399463807 0.49309551208285385 0.20308310991957104 0.4936708860759494 0.2613941018766756 0.4907940161104718 0.26943699731903487 0.4953970080552359 0.27211796246648795 0.502301495972382 0.2587131367292225 0.5017261219792866 0.22117962466487937 0.5086306098964327 0.19839142091152814 0.4942462600690449 0.1581769436997319 0.4919447640966628 0.14343163538873996 0.48676639815880324 0.14745308310991959 0.4844649021864212 0.15281501340482573 0.4844649021864212 0.16353887399463807
0 0.42577675489067895 0.44906166219839144 0.43498273878020716 0.45576407506702415 0.43843498273878023 0.4906166219839142 0.4441887226697353 0.4906166219839142 0.44188722669735325 0.4745308310991957 0.44591484464902187 0.4664879356568365 0.452819332566168 0.47587131367292224 0.4643268124280783 0.4812332439678284 0.46835443037974683 0.4973190348525469 0.4712313003452244 0.4959785522788204 0.4718066743383199 0.47989276139410186 0.4568469505178366 0.46514745308310995 0.45569620253164556 0.4597855227882038 0.4568469505178366 0.42761394101876676 0.45454545454545453 0.41420911528150134 0.4407364787111623 0.40884718498659517 0.4332566168009206 0.4168900804289544 0.4252013808975834 0.4128686327077748 0.42289988492520136 0.4195710455764075 0.4223245109321059 0.4343163538873995 0.42577675489067895 0.44906166219839144
0 0.4252013808975834 0.5308310991957105 0.4240506329113924 0.5589812332439679 0.4194476409666283 0.5737265415549598 0.4205983889528193 0.5777479892761395 0.4298043728423475 0.5603217158176944 0.4344073647871116 0.5603217158176944 0.4441887226697353 0.5844504021447722 0.44591484464902187 0.6005361930294906 0.44936708860759494 0.6018766756032171 0.452819332566168 0.5991957104557641 0.452819332566168 0.5884718498659518 0.4562715765247411 0.5804289544235925 0.46029919447640966 0.5844504021447722 0.4666283084004603 0.5737265415549598 0.46375143843498273 0.564343163538874 0.4568469505178366 0.5563002680965148 0.4608745684695052 0.5348525469168901 0.4608745684695052 0.5254691689008043 0.4568469505178366 0.514745308310992 0.45109321058688145 0.5107238605898123 0.4407364787111623 0.5134048257372654 0.4286536248561565 0.5013404825737265 0.4234752589182969 0.5013404825737265 0.42002301495972383 0.5080428954423593 0.4194476409666283 0.5214477211796247 0.4252013808975834 0.5308310991957105
0 0.40218642117376296 0.5978552278820376 0.4159953970080552 0.613941018766756 0.4188722669735328 0.6246648793565683 0.4159953970080552 0.6327077747989276 0.4177215189873418 0.6367292225201072 0.43498273878020716 0.6367292225201072 0.44591484464902187 0.6568364611260054 0.4562715765247411 0.6581769436997319 0.4562715765247411 0.6514745308310992 0.44476409666283084 0.6327077747989276 0.44131185270425777 0.6179624664879356 0.44476409666283084 0.6005361930294906 0.4441887226697353 0.5911528150134049 0.44016110471806674 0.5817694369973191 0.4039125431530495 0.5764075067024129 0.4016110471806674 0.5817694369973191 0.40218642117376296 0.5978552278820376
0 0.41024165707710014 0.6595174262734584 0.4131185270425777 0.6903485254691689 0.4108170310701956 0.7198391420911529 0.4177215189873418 0.7292225201072386 0.4252013808975834 0.7158176943699732 0.43210586881472957 0.7144772117962467 0.4344073647871116 0.7265415549597856 0.44533947065592633 0.7479892761394102 0.44649021864211735 0.7613941018766757 0.45512082853855007 0.7654155495978553 0.4562715765247411 0.7613941018766757 0.4407364787111623 0.7184986595174263 0.4361334867663982 0.6849865951742627 0.4372842347525892 0.6648793565683646 0.43037974683544306 0.6407506702412868 0.4240506329113924 0.6367292225201072 0.42002301495972383 0.6152815013404825 0.4159953970080552 0.613941018766756 0.41139240506329117 0.6219839142091153 0.41254315304948214 0.6420911528150134 0.41024165707710014 0.6595174262734584
0 0.403337169159954 0.7654155495978553 0.4039125431530495 0.8136729222520107 0.40736478711162255 0.8337801608579088 0.4079401611047181 0.8498659517426274 0.4039125431530495 0.8726541554959786 0.4108170310701956 0.8766756032171582 0.4142692750287687 0.8726541554959786 0.41369390103567316 0.8646112600536193 0.4159953970080552 0.8579088471849866 0.42174913693901034 0.8565683646112601 0.42002301495972383 0.8163538873994638 0.42577675489067895 0.7707774798927615 0.4154200230149597 0.7292225201072386 0.4062140391254315 0.7171581769436998 0.4050632911392405 0.7024128686327078 0.3987341772151899 0.6997319034852547 0.3958573072497123 0.7064343163538874 0.3952819332566168 0.7171581769436998 0.403337169159954 0.7654155495978553
0 0.3947065592635213 0.2640750670241287 0.40218642117376296 0.23056300268096516 0.4096662830840046 0.22117962466487937 0.41657077100115075 0.2359249329758713 0.4177215189873418 0.2680965147453083 0.42289988492520136 0.2680965147453083 0.4234752589182969 0.14745308310991959 0.42174913693901034 0.13941018766756033 0.4177215189873418 0.13941018766756033 0.4154200230149597 0.1554959785522788 0.41024165707710014 0.16621983914209115 0.4039125431530495 0.19839142091152814 0.4039125431530495 0.20911528150134048 0.39355581127733025 0.24396782841823056 0.39182968929804374 0.2587131367292225 0.3947065592635213 0.2640750670241287