0 0.8273572377158034 0.38838709677419353 0.8300132802124833 0.4038709677419355 0.8393094289508631 0.41419354838709677 0.845949535192563 0.432258064516129 0.8499335989375829 0.5174193548387097 0.8386454183266931 0.5329032258064517 0.8474986719787516 0.535483870967742 0.8512616201859229 0.5496774193548387 0.846613545816733 0.56 0.8638778220451526 0.56 0.8658698539176626 0.5574193548387096 0.8638778220451526 0.5432258064516129 0.8652058432934926 0.48774193548387096 0.8791500664010623 0.43870967741935485 0.8784860557768923 0.4180645161290323 0.8645418326693226 0.39741935483870966 0.8386454183266931 0.3419354838709677 0.8280212483399734 0.3406451612903226 0.8207171314741035 0.3535483870967742 0.8213811420982735 0.37806451612903225 0.8273572377158034 0.38838709677419353
0 0.7815405046480743 0.4232258064516129 0.7888446215139442 0.4309677419354839 0.7881806108897742 0.4425806451612903 0.7928286852589641 0.4619354838709677 0.8027888446215139 0.48 0.8054448871181938 0.5174193548387097 0.800132802124834 0.5264516129032258 0.800132802124834 0.6 0.7948207171314741 0.6219354838709678 0.7861885790172642 0.6335483870967742 0.8067729083665338 0.6361290322580645 0.8074369189907038 0.6090322580645161 0.8379814077025232 0.6270967741935484 0.845949535192563 0.6270967741935484 0.8539176626826028 0.6193548387096774 0.844621513944223 0.5806451612903226 0.8326693227091633 0.5535483870967742 0.8306772908366533 0.5225806451612903 0.8326693227091633 0.4941935483870968 0.8147410358565736 0.4296774193548387 0.8054448871181938 0.4167741935483871 0.798804780876494 0.3935483870967742 0.7928286852589641 0.38451612903225807 0.7828685258964143 0.3870967741935484 0.7782204515272244 0.4012903225806452 0.7775564409030544 0.4103225806451613 0.7815405046480743 0.4232258064516129
0 0.6367861885790173 0.3032258064516129 0.6407702523240372 0.30451612903225805 0.6454183266932271 0.33806451612903227 0.650066401062417 0.34580645161290324 0.6540504648074369 0.36774193548387096 0.647410358565737 0.38193548387096776 0.6420982735723771 0.40774193548387094 0.6454183266932271 0.4425806451612903 0.6447543160690571 0.47096774193548385 0.6341301460823373 0.4838709677419355 0.6420982735723771 0.48774193548387096 0.6553784860557769 0.48258064516129034 0.651394422310757 0.44903225806451613 0.651394422310757 0.41935483870967744 0.6593625498007968 0.40258064516129033 0.6653386454183267 0.3987096774193548 0.6739707835325365 0.41419354838709677 0.6786188579017264 0.43483870967741933 0.7025232403718459 0.46580645161290324 0.7031872509960159 0.48129032258064514 0.7005312084993359 0.49032258064516127 0.7091633466135457 0.49032258064516127 0.7164674634794156 0.472258064516129 0.7164674634794156 0.46580645161290324 0.6885790172642762 0.42451612903225805 0.6806108897742363 0.3690322580645161 0.6620185922974767 0.2967741935483871 0.6533864541832669 0.28516129032258064 0.648738379814077 0.26193548387096777 0.6454183266932271 0.25806451612903225 0.6387782204515272 0.25806451612903225 0.6321381142098274 0.2709677419354839 0.6334661354581673 0.29161290322580646 0.6367861885790173 0.3032258064516129
0 0.5743691899070384 0.16774193548387098 0.5790172642762283 0.20903225806451614 0.5783532536520584 0.23096774193548386 0.5750332005312084 0.2361290322580645 0.5717131474103585 0.25548387096774194 0.5697211155378485 0.31483870967741934 0.5590969455511288 0.33806451612903227 0.5756972111553784 0.3367741935483871 0.5810092961487383 0.2735483870967742 0.5863213811420982 0.2593548387096774 0.5916334661354581 0.2541935483870968 0.6009296148738379 0.2632258064516129 0.6088977423638777 0.2864516129032258 0.6254980079681275 0.3174193548387097 0.6221779548472776 0.3432258064516129 0.6361221779548473 0.3367741935483871 0.6367861885790173 0.3251612903225806 0.6115537848605577 0.25806451612903225 0.6055776892430278 0.2296774193548387 0.6069057104913678 0.22064516129032258 0.5996015936254979 0.1896774193548387 0.5996015936254979 0.17806451612903226 0.5922974767596281 0.15483870967741936 0.5823373173970783 0.1432258064516129 0.5816733067729083 0.12903225806451613 0.5763612217795484 0.11870967741935484 0.5683930942895086 0.12129032258064516 0.5644090305444887 0.1367741935483871 0.5670650730411686 0.15612903225806452 0.5743691899070384 0.16774193548387098
0 0.5106241699867198 0.2632258064516129 0.5046480743691899 0.2864516129032258 0.5053120849933599 0.3135483870967742 0.50132802124834 0.36129032258064514 0.4880478087649402 0.3832258064516129 0.4920318725099601 0.38451612903225807 0.5059760956175299 0.38064516129032255 0.5053120849933599 0.36774193548387096 0.5119521912350598 0.3406451612903226 0.5126162018592297 0.3225806451612903 0.5258964143426295 0.30709677419354836 0.5431606905710491 0.3535483870967742 0.547808764940239 0.3445161290322581 0.5398406374501992 0.3109677419354839 0.5385126162018592 0.27225806451612905 0.5305444887118194 0.24 0.5292164674634794 0.22193548387096773 0.5179282868525896 0.1896774193548387 0.5152722443559097 0.17290322580645162 0.5119521912350598 0.16774193548387098 0.5053120849933599 0.16774193548387098 0.50132802124834 0.17419354838709677 0.49933598937582996 0.1870967741935484 0.5066401062416999 0.21935483870967742 0.5106241699867198 0.2632258064516129
0 0.5903054448871181 0.5187096774193548 0.5922974767596281 0.5238709677419355 0.6062416998671978 0.5251612903225806 0.6115537848605577 0.5187096774193548 0.6088977423638777 0.5096774193548387 0.598273572377158 0.49548387096774194 0.595617529880478 0.4993548387096774 0.594953519256308 0.5109677419354839 0.5903054448871181 0.5187096774193548
0 0.5564409030544488 0.3961290322580645 0.5630810092961487 0.41935483870967744 0.5604249667994687 0.44 0.5670650730411686 0.44903225806451613 0.593625498007968 0.4593548387096774 0.6049136786188578 0.4335483870967742 0.6055776892430278 0.41935483870967744 0.6022576361221779 0.40516129032258064 0.5610889774236387 0.3432258064516129 0.549800796812749 0.3432258064516129 0.546480743691899 0.3496774193548387 0.5431606905710491 0.3716129032258064 0.5564409030544488 0.3961290322580645
0 0.5537848605577689 0.5251612903225806 0.5657370517928286 0.5161290322580645 0.5743691899070384 0.5251612903225806 0.5796812749003983 0.5251612903225806 0.5849933598937582 0.512258064516129 0.594289508632138 0.5045161290322581 0.5989375830013279 0.4864516129032258 0.596945551128818 0.4696774193548387 0.5849933598937582 0.4567741935483871 0.5537848605577689 0.4425806451612903 0.545816733067729 0.44516129032258067 0.5371845949535192 0.4296774193548387 0.5318725099601593 0.4309677419354839 0.5252324037184595 0.44129032258064516 0.5245683930942895 0.4619354838709677 0.5537848605577689 0.5251612903225806
0 0.5112881806108898 0.5380645161290323 0.5159362549800797 0.5612903225806452 0.5039840637450199 0.607741935483871 0.5086321381142098 0.6116129032258064 0.5205843293492696 0.584516129032258 0.5265604249667994 0.5780645161290323 0.5312084993359893 0.5638709677419355 0.5345285524568393 0.5367741935483871 0.5378486055776892 0.5277419354838709 0.547144754316069 0.5212903225806451 0.547144754316069 0.5109677419354839 0.5451527224435591 0.5070967741935484 0.5312084993359893 0.5070967741935484 0.5119521912350598 0.4838709677419355 0.50132802124834 0.4967741935483871 0.50199203187251 0.5187096774193548 0.5112881806108898 0.5380645161290323
0 0.544921875 0.525390625 0.548828125 0.529296875 0.5625 0.529296875 0.5712890625 0.537109375 0.5791015625 0.537109375 0.587890625 0.54296875 0.5947265625 0.537109375 0.599609375 0.537109375 0.6044921875 0.546875 0.60546875 0.544921875 0.611328125 0.55078125 0.61328125 0.556640625 0.61328125 0.572265625 0.609375 0.580078125 0.5859375 0.580078125 0.5673828125 0.568359375 0.552734375 0.5703125 0.5517578125 0.58984375 0.548828125 0.595703125 0.5419921875 0.595703125 0.5390625 0.583984375 0.5400390625 0.5703125 0.533203125 0.56640625 0.5302734375 0.552734375 0.533203125 0.537109375 0.5361328125 0.537109375 0.5400390625 0.529296875 0.5439453125 0.52734375
0 0.5604249667994687 0.5948387096774194 0.5683930942895086 0.5948387096774194 0.5650730411686586 0.5741935483870968 0.5710491367861885 0.567741935483871 0.5604249667994687 0.5703225806451613 0.5564409030544488 0.5806451612903226 0.5604249667994687 0.5948387096774194
0 0.5810092961487383 0.6232258064516129 0.6261620185922975 0.6451612903225806 0.6367861885790173 0.6193548387096774 0.6254980079681275 0.5922580645161291 0.6168658698539177 0.5832258064516129 0.594953519256308 0.5754838709677419 0.5763612217795484 0.5780645161290323 0.5723771580345285 0.6051612903225806 0.5810092961487383 0.6232258064516129
0 0.5737051792828685 0.6864516129032258 0.5710491367861885 0.6993548387096774 0.5717131474103585 0.7406451612903225 0.5670650730411686 0.775483870967742 0.5737051792828685 0.7729032258064517 0.5790172642762283 0.7290322580645161 0.5843293492695882 0.7070967741935484 0.5909694555112881 0.7109677419354838 0.594953519256308 0.7290322580645161 0.6082337317397077 0.7496774193548387 0.6148738379814077 0.7535483870967742 0.6175298804780877 0.7638709677419355 0.6122177954847278 0.7845161290322581 0.6221779548472776 0.7819354838709678 0.6301460823373174 0.7716129032258064 0.6301460823373174 0.7587096774193548 0.6181938911022576 0.7380645161290322 0.6294820717131474 0.6774193548387096 0.6274900398406374 0.6567741935483871 0.6162018592297477 0.6412903225806451 0.594953519256308 0.6270967741935484 0.5856573705179282 0.6219354838709678 0.5783532536520584 0.6245161290322581 0.5723771580345285 0.6167741935483871 0.5710491367861885 0.607741935483871 0.5604249667994687 0.6129032258064516 0.5571049136786188 0.6361290322580645 0.5737051792828685 0.6864516129032258
0 0.36918990703851257 0.23870967741935484 0.3837981407702523 0.28 0.3798140770252324 0.3225806451612903 0.38711819389110225 0.327741935483871 0.38711819389110225 0.3419354838709677 0.40039840637450197 0.3419354838709677 0.399070385126162 0.3367741935483871 0.41168658698539173 0.20258064516129032 0.41965471447543157 0.19483870967741934 0.4216467463479415 0.16516129032258065 0.4183266932270916 0.15612903225806452 0.4077025232403718 0.15354838709677418 0.40039840637450197 0.17419354838709677 0.3758300132802125 0.19612903225806452 0.36985391766268255 0.20774193548387096 0.3671978751660026 0.2167741935483871 0.36918990703851257 0.23870967741935484
0 0.4030544488711819 0.4038709677419355 0.39243027888446214 0.4206451612903226 0.3731739707835325 0.42451612903225805 0.37649402390438247 0.4529032258064516 0.38313413014608233 0.46064516129032257 0.3857901726427623 0.4567741935483871 0.38645418326693226 0.44129032258064516 0.3930942895086321 0.43483870967741933 0.41102257636122175 0.432258064516129 0.41633466135458164 0.4374193548387097 0.41500664010624166 0.45161290322580644 0.4289508632138114 0.45806451612903226 0.4362549800796812 0.45161290322580644 0.44223107569721115 0.47096774193548385 0.448871181938911 0.47096774193548385 0.44023904382470114 0.43870967741935485 0.4362549800796812 0.4103225806451613 0.4601593625498008 0.36258064516129035 0.46082337317397076 0.34838709677419355 0.45750332005312083 0.33419354838709675 0.448871181938911 0.32903225806451614 0.44223107569721115 0.3393548387096774 0.4090305444887118 0.33806451612903227 0.399734395750332 0.34838709677419355 0.39641434262948205 0.3716129032258064 0.4030544488711819 0.4038709677419355
0 0.4123505976095617 0.5406451612903226 0.4090305444887118 0.56 0.40039840637450197 0.5741935483870968 0.40039840637450197 0.5793548387096774 0.4030544488711819 0.584516129032258 0.4096945551128818 0.584516129032258 0.4229747675962815 0.5625806451612904 0.4448871181938911 0.5638709677419355 0.46215139442231074 0.5587096774193548 0.4601593625498008 0.5251612903225806 0.4741035856573705 0.49032258064516127 0.47476759628154047 0.4761290322580645 0.47011952191235057 0.4632258064516129 0.4601593625498008 0.4593548387096774 0.45119521912350596 0.47483870967741937 0.43891102257636117 0.4761290322580645 0.4123505976095617 0.49032258064516127 0.4037184594953519 0.5083870967741936 0.4077025232403718 0.5316129032258065 0.4123505976095617 0.5406451612903226
0 0.40239043824701193 0.6090322580645161 0.4143426294820717 0.6193548387096774 0.4216467463479415 0.6193548387096774 0.42961487383798136 0.6374193548387097 0.448871181938911 0.6374193548387097 0.448871181938911 0.6245161290322581 0.4541832669322709 0.6167741935483871 0.4634794156706507 0.6270967741935484 0.47011952191235057 0.6103225806451613 0.4780876494023904 0.6064516129032258 0.48074369189907035 0.5883870967741935 0.4880478087649402 0.5729032258064516 0.4873837981407702 0.5587096774193548 0.48074369189907035 0.5458064516129032 0.4727755644090305 0.5445161290322581 0.4687915006640106 0.5574193548387096 0.4581673306772908 0.5651612903225807 0.4269588313413014 0.5651612903225807 0.40106241699867196 0.5974193548387097 0.399734395750332 0.6038709677419355 0.40239043824701193 0.6090322580645161
0 0.39707835325365204 0.7612903225806451 0.399070385126162 0.752258064516129 0.4176626826029216 0.7406451612903225 0.4169986719787516 0.7303225806451613 0.4143426294820717 0.7264516129032258 0.3904382470119522 0.7445161290322581 0.3937583001328021 0.7587096774193548 0.39707835325365204 0.7612903225806451
0 0.43891102257636117 0.792258064516129 0.44289508632138114 0.8038709677419354 0.4415670650730411 0.8283870967741935 0.4382470119521912 0.8348387096774194 0.4382470119521912 0.8490322580645161 0.4322709163346613 0.8658064516129033 0.4322709163346613 0.8748387096774194 0.45285524568393093 0.8774193548387097 0.449535192563081 0.8696774193548387 0.4634794156706507 0.8103225806451613 0.46679946879150064 0.8090322580645162 0.4641434262948207 0.7793548387096774 0.4601593625498008 0.7677419354838709 0.4588313413014608 0.7380645161290322 0.46082337317397076 0.7238709677419355 0.4694555112881806 0.7032258064516129 0.4681274900398406 0.6825806451612904 0.4641434262948207 0.6683870967741935 0.44289508632138114 0.6735483870967742 0.4455511288180611 0.6838709677419355 0.43027888446215135 0.7096774193548387 0.42031872509960155 0.7341935483870968 0.4236387782204515 0.7832258064516129 0.43891102257636117 0.792258064516129
0 0.46547144754316067 0.6541935483870968 0.4687915006640106 0.6683870967741935 0.4734395750332005 0.6774193548387096 0.4774236387782204 0.6761290322580645 0.4787516600265604 0.6645161290322581 0.47675962815405043 0.6541935483870968 0.46679946879150064 0.6438709677419355 0.46215139442231074 0.6464516129032258 0.46082337317397076 0.6503225806451612 0.46547144754316067 0.6541935483870968
0 0.41102257636122175 0.6993548387096774 0.42031872509960155 0.7135483870967742 0.4216467463479415 0.7212903225806452 0.4289508632138114 0.7174193548387097 0.43492695883134125 0.7006451612903226 0.450199203187251 0.6838709677419355 0.45285524568393093 0.6748387096774193 0.4601593625498008 0.6735483870967742 0.4601593625498008 0.6787096774193548 0.4681274900398406 0.6864516129032258 0.47078353253652055 0.6825806451612904 0.47078353253652055 0.6658064516129032 0.4787516600265604 0.6632258064516129 0.4780876494023904 0.6541935483870968 0.46547144754316067 0.6374193548387097 0.43094289508632133 0.64 0.41500664010624166 0.6593548387096774 0.41500664010624166 0.6838709677419355 0.41102257636122175 0.6993548387096774
0 0.1945551128818061 0.6696774193548387 0.19322709163346613 0.6825806451612904 0.19721115537848605 0.6851612903225807 0.20252324037184594 0.6787096774193548 0.2091633466135458 0.6967741935483871 0.199203187250996 0.7651612903225806 0.20252324037184594 0.7703225806451612 0.21978751660026558 0.7703225806451612 0.23240371845949534 0.6903225806451613 0.23240371845949534 0.6658064516129032 0.22576361221779548 0.64 0.2390438247011952 0.6193548387096774 0.24302788844621512 0.5974193548387097 0.25166002656042497 0.5870967741935483 0.2536520584329349 0.5780645161290323 0.25166002656042497 0.5651612903225807 0.24501992031872508 0.552258064516129 0.23505976095617528 0.5535483870967742 0.22576361221779548 0.5793548387096774 0.2045152722443559 0.6116129032258064 0.1945551128818061 0.6206451612903225 0.1899070385126162 0.6335483870967742 0.1899070385126162 0.6503225806451612 0.1945551128818061 0.6696774193548387
0 0.17065073041168657 0.5483870967741935 0.17131474103585656 0.5612903225806452 0.16799468791500663 0.5716129032258065 0.16865869853917662 0.5987096774193549 0.16533864541832669 0.6167741935483871 0.16799468791500663 0.6219354838709678 0.1832669322709163 0.6232258064516129 0.17662682602921645 0.6025806451612903 0.18127490039840635 0.584516129032258 0.18725099601593626 0.535483870967742 0.18260292164674632 0.5032258064516129 0.18658698539176624 0.49290322580645163 0.19322709163346613 0.4941935483870968 0.19853917662682602 0.4632258064516129 0.20318725099601592 0.4567741935483871 0.2038512616201859 0.4425806451612903 0.2091633466135458 0.432258064516129 0.21049136786188577 0.42193548387096774 0.20783532536520583 0.40516129032258064 0.20119521912350596 0.3987096774193548 0.19389110225763612 0.4012903225806452 0.18857901726427623 0.42451612903225805 0.17729083665338644 0.43612903225806454 0.15405046480743692 0.48774193548387096 0.15405046480743692 0.5070967741935484 0.17065073041168657 0.5483870967741935
0 0.1739707835325365 0.4167741935483871 0.17264276228419653 0.4309677419354839 0.1746347941567065 0.4335483870967742 0.18658698539176624 0.42451612903225805 0.1899070385126162 0.40903225806451615 0.19654714475431606 0.39741935483870966 0.21314741035856571 0.40258064516129033 0.22244355909694555 0.3832258064516129 0.22177954847277556 0.3445161290322581 0.22709163346613545 0.33419354838709675 0.22709163346613545 0.3135483870967742 0.2191235059760956 0.30193548387096775 0.21049136786188577 0.3032258064516129 0.17529880478087648 0.3793548387096774 0.17131474103585656 0.3909677419354839 0.1739707835325365 0.4167741935483871
0 0.08698539176626825 0.3096774193548387 0.0896414342629482 0.32 0.09893758300132802 0.3303225806451613 0.0849933598937583 0.3896774193548387 0.08831341301460822 0.39483870967741935 0.09362549800796813 0.3909677419354839 0.09694555112881806 0.3664516129032258 0.10889774236387781 0.33161290322580644 0.11155378486055777 0.29935483870967744 0.12881806108897742 0.31483870967741934 0.13147410358565736 0.3225806451612903 0.13213811420982735 0.3470967741935484 0.12881806108897742 0.3793548387096774 0.15006640106241698 0.3832258064516129 0.14010624169986718 0.3690322580645161 0.13811420982735723 0.36 0.14010624169986718 0.3109677419354839 0.13678618857901725 0.3006451612903226 0.13678618857901725 0.2812903225806452 0.1241699867197875 0.24645161290322581 0.1254980079681275 0.21161290322580645 0.1195219123505976 0.18451612903225806 0.11354581673306773 0.17548387096774193 0.10292164674634793 0.17806451612903226 0.10026560424966799 0.18838709677419355 0.10092961487383798 0.20387096774193547 0.09030544488711818 0.21935483870967742 0.0849933598937583 0.2567741935483871 0.08698539176626825 0.3096774193548387