0 0.578134284016637 0.8163538873994638 0.5876411170528818 0.839142091152815 0.5906120023767083 0.9276139410187668 0.5882352941176471 0.9343163538873995 0.5932857991681522 0.9356568364611261 0.5923945335710042 0.9557640750670241 0.6024955436720143 0.9557640750670241 0.6030897207367796 0.8967828418230563 0.6114081996434938 0.8418230563002681 0.6060606060606061 0.8230563002680965 0.590017825311943 0.8002680965147453 0.58407605466429 0.7815013404825737 0.5793226381461676 0.7788203753351206 0.5745692216280452 0.7868632707774799 0.5745692216280452 0.8002680965147453 0.578134284016637 0.8163538873994638
0 0.625668449197861 0.5254691689008043 0.6298276886512181 0.5522788203753352 0.631610219845514 0.6005361930294906 0.6298276886512181 0.646112600536193 0.6411170528817588 0.6568364611260054 0.6440879382055853 0.6501340482573726 0.6506238859180036 0.5335120643431636 0.6446821152703506 0.5053619302949062 0.6369578134284017 0.4973190348525469 0.6345811051693405 0.4865951742627346 0.6292335115864528 0.4865951742627346 0.6262626262626263 0.4932975871313673 0.6274509803921569 0.5160857908847185 0.625668449197861 0.5254691689008043
0 0.6684491978609626 0.4316353887399464 0.6720142602495545 0.4691689008042896 0.6702317290552585 0.4839142091152815 0.6726084373143197 0.48927613941018766 0.6720142602495545 0.5053619302949062 0.679144385026738 0.5080428954423593 0.680926916221034 0.5040214477211796 0.6779560308972075 0.4664879356568365 0.6862745098039216 0.4383378016085791 0.686868686868687 0.4195710455764075 0.6619132501485443 0.3726541554959786 0.6577540106951872 0.3726541554959786 0.6541889483065954 0.3793565683646113 0.6541889483065954 0.3941018766756032 0.6684491978609626 0.4316353887399464
0 0.6577540106951872 0.339142091152815 0.6625074272133096 0.35254691689008044 0.6666666666666667 0.38471849865951746 0.6726084373143197 0.3900804289544236 0.6815210932857992 0.37801608579088475 0.685086155674391 0.36595174262734587 0.6833036244800951 0.35656836461126007 0.663101604278075 0.3136729222520107 0.655377302436126 0.3136729222520107 0.6500297088532383 0.3324396782841823 0.6577540106951872 0.339142091152815
0 0.6530005941770648 0.2587131367292225 0.6506238859180036 0.27211796246648795 0.6541889483065954 0.3096514745308311 0.661319073083779 0.3109919571045576 0.6684491978609626 0.30160857908847183 0.6773618538324421 0.3109919571045576 0.6856803327391563 0.3284182305630027 0.6874628639334522 0.3136729222520107 0.6856803327391563 0.306970509383378 0.6714200831847891 0.2922252010723861 0.674985145573381 0.2680965147453083 0.6648841354723708 0.22654155495978553 0.655377302436126 0.19839142091152814 0.6470588235294118 0.20107238605898123 0.6464646464646465 0.2131367292225201 0.6530005941770648 0.2587131367292225
0 0.5282234105763518 0.13672922252010725 0.530600118835413 0.15013404825737264 0.5288175876411171 0.17292225201072386 0.5329768270944741 0.19034852546916892 0.5311942959001783 0.2064343163538874 0.5359477124183006 0.20911528150134048 0.5407011289364231 0.19571045576407506 0.5371360665478313 0.17560321715817695 0.5383244206773619 0.16353887399463807 0.5466428995840761 0.15415549597855227 0.5472370766488414 0.13672922252010725 0.5300059417706476 0.10991957104557641 0.5288175876411171 0.10187667560321716 0.52465834818776 0.10053619302949061 0.5216874628639335 0.10857908847184987 0.5210932857991681 0.12064343163538874 0.5282234105763518 0.13672922252010725
0 0.5412953060011884 0.2359249329758713 0.5395127748068925 0.27211796246648795 0.5466428995840761 0.33109919571045576 0.5513963161021985 0.33109919571045576 0.5549613784907903 0.32171581769436997 0.5537730243612596 0.30563002680965146 0.5567439096850861 0.28150134048257375 0.560308972073678 0.27211796246648795 0.560308972073678 0.23726541554959785 0.5567439096850861 0.2131367292225201 0.5513963161021985 0.20911528150134048 0.5502079619726679 0.19168900804289546 0.5442661913250149 0.19034852546916892 0.5412953060011884 0.19973190348525469 0.5389185977421271 0.21983914209115282 0.5412953060011884 0.2359249329758713
0 0.5389185977421271 0.39544235924932974 0.5389185977421271 0.403485254691689 0.5430778371954843 0.3873994638069705 0.5472370766488414 0.3900804289544236 0.5502079619726679 0.4101876675603217 0.5525846702317291 0.4061662198391421 0.5519904931669638 0.39812332439678283 0.5620915032679739 0.3900804289544236 0.5769459298871064 0.4249329758713137 0.5745692216280452 0.435656836461126 0.578134284016637 0.43699731903485256 0.5846702317290553 0.4289544235924933 0.5816993464052288 0.4168900804289544 0.572192513368984 0.39946380697050937 0.5674390968508616 0.3445040214477212 0.5567439096850861 0.32707774798927614 0.5466428995840761 0.3324396782841823 0.5311942959001783 0.3552278820375335 0.5311942959001783 0.36595174262734587 0.5389185977421271 0.39544235924932974
0 0.5341651812240048 0.43967828418230565 0.5288175876411171 0.4906166219839142 0.5311942959001783 0.4932975871313673 0.5359477124183006 0.48927613941018766 0.536541889483066 0.47319034852546915 0.5418894830659536 0.4571045576407507 0.5531788472964944 0.450402144772118 0.5638740344622698 0.4517426273458445 0.5668449197860963 0.4383378016085791 0.5698158051099228 0.435656836461126 0.5680332739156269 0.4168900804289544 0.5626856803327392 0.40884718498659517 0.542483660130719 0.4128686327077748 0.5353535353535354 0.4061662198391421 0.5288175876411171 0.4155495978552279 0.5282234105763518 0.42761394101876676 0.5341651812240048 0.43967828418230565
0 0.5567439096850861 0.49463806970509383 0.5567439096850861 0.5080428954423593 0.5508021390374331 0.5402144772117963 0.5502079619726679 0.5656836461126006 0.5460487225193108 0.5871313672922253 0.554367201426025 0.5884718498659518 0.5573380867498515 0.5428954423592494 0.5638740344622698 0.5361930294906166 0.5763517528223411 0.5375335120643432 0.5834818775995247 0.5603217158176944 0.5846702317290553 0.5737265415549598 0.5929887106357695 0.5764075067024129 0.5799168152109329 0.5227882037533512 0.5793226381461676 0.5026809651474531 0.5715983363042187 0.47587131367292224 0.5573380867498515 0.450402144772118 0.5513963161021985 0.4544235924932976 0.5508021390374331 0.4785522788203753 0.5567439096850861 0.49463806970509383
0 0.4557338086749852 0.9490616621983914 0.45989304812834225 0.9490616621983914 0.45989304812834225 0.9276139410187668 0.46999405822935236 0.9048257372654156 0.4741532976827095 0.8847184986595175 0.47890671420083186 0.8793565683646113 0.4872251931075461 0.8954423592493298 0.4901960784313726 0.9436997319034852 0.4979203802733215 0.9450402144772118 0.4919786096256685 0.9249329758713137 0.4896019013666073 0.839142091152815 0.4985145573380868 0.7935656836461126 0.4979203802733215 0.7788203753351206 0.4955436720142603 0.774798927613941 0.4896019013666073 0.7761394101876675 0.4800950683303625 0.8029490616621984 0.4676173499702912 0.853887399463807 0.4682115270350565 0.8739946380697051 0.46524064171123 0.9021447721179625 0.453357100415924 0.9343163538873995 0.4527629233511587 0.9423592493297588 0.4557338086749852 0.9490616621983914
0 0.411764705882353 0.6568364611260054 0.41711229946524064 0.6715817694369973 0.42127153891859775 0.6715817694369973 0.41948900772430187 0.6595174262734584 0.43137254901960786 0.6300268096514745 0.4337492572786691 0.6152815013404825 0.4426619132501486 0.6233243967828418 0.4438502673796792 0.6621983914209115 0.4497920380273322 0.6702412868632708 0.4557338086749852 0.6675603217158177 0.44919786096256686 0.6447721179624665 0.44503862150920975 0.5804289544235925 0.447415329768271 0.5428954423592494 0.4503862150920975 0.5361930294906166 0.4497920380273322 0.5201072386058981 0.44325609031491386 0.514745308310992 0.4379084967320262 0.5214477211796247 0.4248366013071896 0.6246648793565683 0.411764705882353 0.6568364611260054
0 0.33095662507427215 0.4839142091152815 0.33036244800950687 0.5201072386058981 0.33868092691622104 0.5254691689008043 0.34105763517528226 0.5227882037533512 0.33630421865715987 0.5120643431635389 0.33868092691622104 0.4450402144772118 0.34105763517528226 0.43297587131367293 0.34878193701723115 0.42761394101876676 0.35412953060011887 0.3941018766756032 0.35294117647058826 0.3820375335120644 0.34699940582293526 0.37801608579088475 0.34224598930481287 0.3833780160857909 0.32323232323232326 0.4316353887399464 0.32204396910279265 0.4383378016085791 0.33095662507427215 0.4839142091152815
0 0.358288770053476 0.4664879356568365 0.35175282234105765 0.44906166219839144 0.34997029114676176 0.42091152815013405 0.34878193701723115 0.41823056300268097 0.34640522875817 0.4262734584450402 0.34818775995246587 0.46246648793565687 0.358288770053476 0.4664879356568365
0 0.33808674985145576 0.4008042895442359 0.3434343434343435 0.3941018766756032 0.34699940582293526 0.3793565683646113 0.35591206179441476 0.3766756032171582 0.3612596553773025 0.3833780160857909 0.36660724896019015 0.3820375335120644 0.36541889483065954 0.3726541554959786 0.3553178847296495 0.36193029490616624 0.35472370766488415 0.3485254691689008 0.35888294711824126 0.32171581769436997 0.35650623885918004 0.306970509383378 0.34878193701723115 0.3096514745308311 0.34699940582293526 0.3257372654155496 0.34105763517528226 0.3445040214477212 0.33689839572192515 0.3793565683646113 0.33808674985145576 0.4008042895442359
0 0.4456327985739751 0.19973190348525469 0.4503862150920975 0.20241286863270777 0.45098039215686275 0.19034852546916892 0.45692216280451575 0.17560321715817695 0.46702317290552586 0.16219839142091153 0.4735591206179442 0.17292225201072386 0.4741532976827095 0.2037533512064343 0.48068924539512775 0.2064343163538874 0.47771836007130125 0.12332439678284182 0.4812834224598931 0.1032171581769437 0.48068924539512775 0.08981233243967829 0.47593582887700536 0.0871313672922252 0.4587046939988117 0.1353887399463807 0.4563279857397505 0.1648793565683646 0.4456327985739751 0.19973190348525469
0 0.435531788472965 0.3257372654155496 0.4438502673796792 0.34316353887399464 0.44503862150920975 0.3766756032171582 0.447415329768271 0.37801608579088475 0.453357100415924 0.3485254691689008 0.453357100415924 0.32707774798927614 0.4622697563874035 0.29758713136729226 0.4682115270350565 0.2868632707774799 0.46880570409982175 0.27479892761394104 0.4664289958407606 0.26943699731903487 0.45989304812834225 0.26943699731903487 0.4379084967320262 0.3042895442359249 0.435531788472965 0.3109919571045576 0.435531788472965 0.3257372654155496
0 0.4622697563874035 0.3632707774798928 0.46880570409982175 0.36193029490616624 0.4735591206179442 0.3351206434316354 0.4842543077837196 0.306970509383378 0.4842543077837196 0.2922252010723861 0.47771836007130125 0.28820375335120646 0.46286393345216875 0.3042895442359249 0.453357100415924 0.3324396782841823 0.4527629233511587 0.339142091152815 0.4622697563874035 0.3632707774798928
0 0.4575163398692811 0.3833780160857909 0.46286393345216875 0.39544235924932974 0.4723707664884136 0.403485254691689 0.4872251931075461 0.3873994638069705 0.4943553178847297 0.3632707774798928 0.4943553178847297 0.35254691689008044 0.49079025549613786 0.3445040214477212 0.4866310160427808 0.3445040214477212 0.477124183006536 0.35924932975871315 0.45989304812834225 0.3672922252010724 0.4575163398692811 0.3726541554959786 0.4575163398692811 0.3833780160857909
0 0.4913844325609032 0.47989276139410186 0.49970291146761736 0.4772117962466488 0.4979203802733215 0.4718498659517426 0.49079025549613786 0.4705093833780161 0.4896019013666073 0.4772117962466488 0.4913844325609032 0.47989276139410186
0 0.49376114081996436 0.42091152815013405 0.5062388591800356 0.4343163538873995 0.5098039215686275 0.4664879356568365 0.5151515151515151 0.4705093833780161 0.518716577540107 0.4664879356568365 0.5193107546048723 0.4597855227882038 0.5121806298276886 0.435656836461126 0.5151515151515151 0.3793565683646113 0.5086155674390969 0.3766756032171582 0.5038621509209745 0.386058981233244 0.4901960784313726 0.39276139410187666 0.4943553178847297 0.4128686327077748 0.49376114081996436 0.42091152815013405
0 0.45692216280451575 0.4959785522788204 0.4497920380273322 0.5093833780160858 0.45216874628639336 0.514745308310992 0.4824717765894237 0.47319034852546915 0.47771836007130125 0.45576407506702415 0.49079025549613786 0.4195710455764075 0.4919786096256685 0.4061662198391421 0.489007724301842 0.4008042895442359 0.4860368389780155 0.4061662198391421 0.4842543077837196 0.4008042895442359 0.4824717765894237 0.40884718498659517 0.477124183006536 0.403485254691689 0.45989304812834225 0.41420911528150134 0.45513963161021986 0.4249329758713137 0.4527629233511587 0.4450402144772118 0.4563279857397505 0.4611260053619303 0.45692216280451575 0.4959785522788204