0 0.844621513944223 0.44903225806451613 0.8592297476759627 0.47870967741935483 0.8658698539176626 0.5083870967741936 0.8698539176626825 0.5703225806451613 0.8592297476759627 0.5870967741935483 0.8638778220451526 0.5909677419354838 0.8671978751660026 0.6038709677419355 0.8612217795484727 0.6154838709677419 0.8784860557768923 0.6154838709677419 0.8804780876494023 0.6116129032258064 0.8791500664010623 0.5858064516129032 0.8818061088977422 0.5432258064516129 0.8904382470119522 0.5187096774193548 0.897078353253652 0.4838709677419355 0.8904382470119522 0.46580645161290324 0.8705179282868525 0.43483870967741933 0.8685258964143425 0.4258064516129032 0.8618857901726427 0.4206451612903226 0.8565737051792828 0.40258064516129033 0.844621513944223 0.4012903225806452 0.8386454183266931 0.4154838709677419 0.8379814077025232 0.4232258064516129 0.844621513944223 0.44903225806451613
0 0.8293492695883133 0.48129032258064514 0.8273572377158034 0.5019354838709678 0.8313413014608233 0.5406451612903226 0.8260292164674634 0.56 0.8253652058432934 0.6180645161290322 0.8160690571049136 0.6658064516129032 0.8034528552456839 0.6774193548387096 0.8007968127490039 0.6851612903225807 0.8074369189907038 0.6916129032258065 0.8200531208499335 0.6916129032258065 0.8233731739707835 0.6709677419354839 0.8306772908366533 0.6516129032258065 0.8492695883134129 0.6851612903225807 0.8652058432934926 0.6903225806451613 0.8658698539176626 0.68 0.8598937583001327 0.64 0.8519256308100929 0.48 0.845949535192563 0.46838709677419355 0.8399734395750331 0.43870967741935485 0.8366533864541832 0.4335483870967742 0.8280212483399734 0.432258064516129 0.8207171314741035 0.44903225806451613 0.8240371845949535 0.4696774193548387 0.8293492695883133 0.48129032258064514
0 0.6733067729083665 0.3303225806451613 0.6826029216467463 0.38064516129032255 0.6812749003984063 0.39741935483870966 0.6766268260292164 0.4064516129032258 0.6779548472775564 0.42193548387096774 0.6746347941567065 0.4335483870967742 0.6733067729083665 0.4890322580645161 0.6613545816733067 0.5083870967741936 0.6693227091633466 0.5109677419354839 0.6819389110225763 0.5058064516129033 0.6799468791500664 0.4967741935483871 0.6852589641434262 0.44516129032258067 0.695219123505976 0.4258064516129032 0.7078353253652058 0.44129032258064516 0.7118193891102257 0.4567741935483871 0.7290836653386453 0.48258064516129034 0.7330677290836652 0.4993548387096774 0.7290836653386453 0.5135483870967742 0.7304116865869853 0.5187096774193548 0.745019920318725 0.5045161290322581 0.7410358565737051 0.48516129032258065 0.7204515272244355 0.44516129032258067 0.7144754316069056 0.4180645161290323 0.7118193891102257 0.3896774193548387 0.7071713147410358 0.37806451612903225 0.695883134130146 0.32129032258064516 0.6859229747675962 0.3096774193548387 0.6852589641434262 0.2954838709677419 0.6786188579017264 0.28516129032258064 0.6699867197875166 0.28774193548387095 0.6646746347941567 0.3058064516129032 0.6679946879150066 0.32387096774193547 0.6733067729083665 0.3303225806451613
0 0.6733067729083665 0.28258064516129033 0.6799468791500664 0.28258064516129033 0.6746347941567065 0.26064516129032256 0.6713147410358565 0.2567741935483871 0.6679946879150066 0.26064516129032256 0.6679946879150066 0.26838709677419353 0.6733067729083665 0.28258064516129033
0 0.6321381142098274 0.20903225806451614 0.6288180610889774 0.28774193548387095 0.6215139442231076 0.30709677419354836 0.6301460823373174 0.30709677419354836 0.6341301460823373 0.2929032258064516 0.6374501992031872 0.24387096774193548 0.6434262948207171 0.24258064516129033 0.6460823373173971 0.23483870967741935 0.6567065073041168 0.2361290322580645 0.6646746347941567 0.2593548387096774 0.6699867197875166 0.25161290322580643 0.6699867197875166 0.24387096774193548 0.6633466135458167 0.19870967741935483 0.6553784860557769 0.18451612903225806 0.647410358565737 0.14838709677419354 0.6374501992031872 0.1367741935483871 0.6367861885790173 0.12516129032258064 0.6308100929614874 0.12903225806451613 0.6281540504648074 0.1367741935483871 0.6254980079681275 0.13548387096774195 0.6354581673306773 0.18451612903225806 0.6321381142098274 0.20903225806451614
0 0.5763612217795484 0.2270967741935484 0.5717131474103585 0.26838709677419353 0.5743691899070384 0.2954838709677419 0.5730411686586985 0.33161290322580644 0.5703851261620185 0.3445161290322581 0.5630810092961487 0.352258064516129 0.5723771580345285 0.3548387096774194 0.5776892430278884 0.35096774193548386 0.5823373173970783 0.28903225806451616 0.5856573705179282 0.2838709677419355 0.595617529880478 0.2838709677419355 0.596281540504648 0.2929032258064516 0.6148738379814077 0.3329032258064516 0.6155378486055777 0.35870967741935483 0.6195219123505976 0.36 0.6261620185922975 0.3496774193548387 0.6261620185922975 0.3432258064516129 0.6062416998671978 0.28903225806451616 0.6022576361221779 0.2658064516129032 0.6022576361221779 0.24516129032258063 0.5903054448871181 0.18451612903225806 0.5770252324037184 0.14580645161290323 0.5683930942895086 0.14709677419354839 0.5644090305444887 0.1638709677419355 0.5723771580345285 0.18838709677419355 0.5763612217795484 0.2270967741935484
0 0.5863213811420982 0.43483870967741933 0.598273572377158 0.4696774193548387 0.594953519256308 0.49032258064516127 0.6082337317397077 0.5006451612903225 0.6248339973439575 0.5045161290322581 0.6254980079681275 0.4941935483870968 0.6334661354581673 0.48129032258064514 0.6381142098273572 0.4645161290322581 0.6341301460823373 0.43870967741935485 0.5909694555112881 0.38838709677419353 0.5810092961487383 0.38838709677419353 0.5756972111553784 0.3987096774193548 0.5750332005312084 0.4206451612903226 0.5863213811420982 0.43483870967741933
0 0.5730411686586985 0.5316129032258065 0.5803452855245683 0.56 0.6062416998671978 0.5793548387096774 0.6162018592297477 0.5974193548387097 0.6195219123505976 0.5922580645161291 0.6195219123505976 0.5858064516129032 0.6128818061088978 0.5716129032258065 0.6235059760956175 0.5432258064516129 0.6281540504648074 0.5393548387096774 0.6308100929614874 0.5290322580645161 0.6288180610889774 0.5148387096774194 0.5683930942895086 0.47870967741935483 0.5630810092961487 0.48 0.5571049136786188 0.49032258064516127 0.5604249667994687 0.5174193548387097 0.5730411686586985 0.5316129032258065
0 0.5325365205843293 0.6567741935483871 0.547808764940239 0.6258064516129033 0.5424966799468791 0.6258064516129033 0.5398406374501992 0.6167741935483871 0.5292164674634794 0.6490322580645161 0.5285524568393094 0.6567741935483871 0.5325365205843293 0.6567741935483871
0 0.5351925630810093 0.5832258064516129 0.5398406374501992 0.6141935483870967 0.5444887118193891 0.6141935483870967 0.549800796812749 0.5948387096774194 0.5557768924302788 0.5858064516129032 0.5903054448871181 0.5974193548387097 0.597609561752988 0.5935483870967742 0.596281540504648 0.5780645161290323 0.5876494023904382 0.567741935483871 0.548472775564409 0.5548387096774193 0.5398406374501992 0.535483870967742 0.5318725099601593 0.5367741935483871 0.5272244355909694 0.5458064516129032 0.5258964143426295 0.5638709677419355 0.5351925630810093 0.5832258064516129
0 0.549800796812749 0.6180645161290322 0.5604249667994687 0.6335483870967742 0.5604249667994687 0.64 0.6168658698539177 0.6477419354838709 0.6221779548472776 0.6309677419354839 0.6195219123505976 0.6116129032258064 0.6088977423638777 0.5974193548387097 0.5571049136786188 0.5883870967741935 0.549800796812749 0.6 0.547808764940239 0.607741935483871 0.549800796812749 0.6180645161290322
0 0.6208499335989376 0.7780645161290323 0.6221779548472776 0.8025806451612904 0.6254980079681275 0.8064516129032258 0.6314741035856574 0.8025806451612904 0.6341301460823373 0.7961290322580645 0.6261620185922975 0.7690322580645161 0.6195219123505976 0.7690322580645161 0.6181938911022576 0.775483870967742 0.6208499335989376 0.7780645161290323
0 0.5776892430278884 0.6916129032258065 0.5916334661354581 0.6967741935483871 0.6215139442231076 0.7225806451612903 0.6301460823373174 0.7083870967741935 0.6347941567065073 0.687741935483871 0.6314741035856574 0.6606451612903226 0.6188579017264276 0.6490322580645161 0.6055776892430278 0.6503225806451612 0.6029216467463479 0.6451612903225806 0.5876494023904382 0.6425806451612903 0.5836653386454183 0.6464516129032258 0.5816733067729083 0.6606451612903226 0.5750332005312084 0.672258064516129 0.5743691899070384 0.6812903225806451 0.5776892430278884 0.6916129032258065
0 0.5723771580345285 0.7638709677419355 0.5630810092961487 0.8451612903225807 0.5703851261620185 0.8451612903225807 0.5743691899070384 0.8361290322580646 0.6108897742363877 0.8567741935483871 0.6261620185922975 0.8412903225806452 0.6195219123505976 0.8193548387096774 0.6221779548472776 0.8064516129032258 0.6115537848605577 0.7948387096774193 0.6128818061088978 0.7741935483870968 0.6261620185922975 0.7548387096774194 0.6254980079681275 0.7354838709677419 0.6175298804780877 0.7212903225806452 0.5750332005312084 0.6903225806451613 0.5703851261620185 0.68 0.5604249667994687 0.6825806451612904 0.5551128818061088 0.6967741935483871 0.5551128818061088 0.7135483870967742 0.5723771580345285 0.7638709677419355
0 0.3891102257636122 0.7303225806451613 0.3857901726427623 0.7651612903225806 0.37715803452855245 0.7870967741935484 0.3798140770252324 0.8206451612903226 0.39641434262948205 0.8619354838709677 0.39243027888446214 0.896774193548387 0.3837981407702523 0.9367741935483871 0.3891102257636122 0.9419354838709677 0.4043824701195219 0.9432258064516129 0.40703851261620183 0.9393548387096774 0.399070385126162 0.9264516129032258 0.39641434262948205 0.9148387096774193 0.399070385126162 0.9070967741935484 0.4169986719787516 0.9045161290322581 0.41035856573705176 0.8941935483870967 0.41500664010624166 0.792258064516129 0.4183266932270916 0.7896774193548387 0.41965471447543157 0.7664516129032258 0.42430278884462147 0.7535483870967742 0.42430278884462147 0.7329032258064516 0.42961487383798136 0.7006451612903226 0.42563081009296144 0.6916129032258065 0.4176626826029216 0.6890322580645162 0.41102257636122175 0.6980645161290323 0.4077025232403718 0.712258064516129 0.3937583001328021 0.72 0.38645418326693226 0.7096774193548387 0.3844621513944223 0.6916129032258065 0.3798140770252324 0.6916129032258065 0.37782204515272244 0.6993548387096774 0.3798140770252324 0.7174193548387097 0.3891102257636122 0.7303225806451613
0 0.4216467463479415 0.775483870967742 0.4409030544488711 0.7767741935483871 0.4455511288180611 0.7941935483870968 0.4455511288180611 0.8012903225806451 0.43027888446215135 0.847741935483871 0.43957503320053115 0.8554838709677419 0.450199203187251 0.8554838709677419 0.4794156706507304 0.8309677419354838 0.48937583001328017 0.8348387096774194 0.48140770252324033 0.8090322580645162 0.47543160690571046 0.7612903225806451 0.4774236387782204 0.7264516129032258 0.4734395750332005 0.7058064516129032 0.4774236387782204 0.6967741935483871 0.4774236387782204 0.6890322580645162 0.4734395750332005 0.6787096774193548 0.4628154050464807 0.6748387096774193 0.4541832669322709 0.6954838709677419 0.4329349269588313 0.7070967741935484 0.4289508632138114 0.7161290322580646 0.4269588313413014 0.7561290322580645 0.4216467463479415 0.775483870967742
0 0.4335989375830013 0.6980645161290323 0.43559096945551123 0.704516129032258 0.4581673306772908 0.687741935483871 0.4727755644090305 0.7019354838709677 0.4734395750332005 0.7096774193548387 0.47675962815405043 0.7032258064516129 0.4794156706507304 0.7058064516129032 0.4840637450199203 0.7238709677419355 0.4913678618857901 0.7238709677419355 0.48605577689243024 0.6774193548387096 0.49402390438247007 0.64 0.50132802124834 0.6283870967741936 0.49734395750332 0.6025806451612903 0.48472775564409026 0.6 0.48007968127490036 0.6129032258064516 0.4687915006640106 0.6193548387096774 0.44023904382470114 0.6193548387096774 0.42961487383798136 0.64 0.4362549800796812 0.6916129032258065 0.4335989375830013 0.6980645161290323
0 0.4840637450199203 0.5729032258064516 0.4867197875166002 0.5858064516129032 0.49535192563081004 0.5974193548387097 0.49468791500664006 0.5832258064516129 0.4887118193891102 0.5587096774193548 0.4887118193891102 0.5445161290322581 0.48539176626826025 0.5419354838709678 0.4827357237715803 0.5587096774193548 0.4840637450199203 0.5729032258064516
0 0.4369189907038512 0.5625806451612904 0.42563081009296144 0.5651612903225807 0.4183266932270916 0.5741935483870968 0.41500664010624166 0.5703225806451613 0.40571049136786186 0.5741935483870968 0.4043824701195219 0.5883870967741935 0.41102257636122175 0.6064516129032258 0.4176626826029216 0.6051612903225806 0.41500664010624166 0.5909677419354838 0.4231075697211155 0.5819354838709677 0.4409030544488711 0.5806451612903226 0.4455511288180611 0.5870967741935483 0.4535192563081009 0.5819354838709677 0.45285524568393093 0.5703225806451613 0.45750332005312083 0.5445161290322581 0.46613545816733065 0.5445161290322581 0.47011952191235057 0.5496774193548387 0.4721115537848605 0.5419354838709678 0.4780876494023904 0.5367741935483871 0.4867197875166002 0.5380645161290323 0.49601593625498 0.5174193548387097 0.5046480743691899 0.5083870967741936 0.5079681274900398 0.49290322580645163 0.5053120849933599 0.48 0.49933598937582996 0.4735483870967742 0.47011952191235057 0.48129032258064514 0.45086321381142097 0.4761290322580645 0.4415670650730411 0.4838709677419355 0.4369189907038512 0.5045161290322581 0.4369189907038512 0.5625806451612904
0 0.44223107569721115 0.4529032258064516 0.44023904382470114 0.4619354838709677 0.4189907038512616 0.4696774193548387 0.41500664010624166 0.4761290322580645 0.4183266932270916 0.4941935483870968 0.42430278884462147 0.5045161290322581 0.4289508632138114 0.5019354838709678 0.4282868525896414 0.4838709677419355 0.43559096945551123 0.4774193548387097 0.45750332005312083 0.472258064516129 0.4694555112881806 0.4774193548387097 0.4727755644090305 0.4593548387096774 0.48007968127490036 0.46064516129032257 0.48074369189907035 0.46838709677419355 0.48472775564409026 0.472258064516129 0.48539176626826025 0.46580645161290324 0.4787516600265604 0.4464516129032258 0.48605577689243024 0.4103225806451613 0.49734395750332 0.3935483870967742 0.49800796812749 0.38193548387096776 0.49468791500664006 0.36774193548387096 0.48605577689243024 0.36516129032258066 0.44687915006640105 0.37806451612903225 0.4415670650730411 0.38193548387096776 0.43492695883134125 0.39741935483870966 0.43559096945551123 0.4232258064516129 0.44223107569721115 0.4529032258064516
0 0.3519256308100929 0.2967741935483871 0.3519256308100929 0.3135483870967742 0.35458167330677287 0.3161290322580645 0.3592297476759628 0.3393548387096774 0.35657370517928283 0.352258064516129 0.3592297476759628 0.3961290322580645 0.36586985391766264 0.4012903225806452 0.37649402390438247 0.4 0.3665338645418326 0.3664516129032258 0.36985391766268255 0.33548387096774196 0.3758300132802125 0.31870967741935485 0.3751660026560425 0.3032258064516129 0.3685258964143426 0.28 0.3897742363877822 0.20774193548387096 0.38645418326693226 0.1858064516129032 0.38114209827357237 0.18064516129032257 0.37383798140770247 0.1832258064516129 0.3678618857901726 0.20903225806451614 0.3618857901726427 0.21806451612903227 0.348605577689243 0.2593548387096774 0.347941567065073 0.2761290322580645 0.3519256308100929 0.2967741935483871
0 0.25763612217795484 0.2103225806451613 0.2649402390438247 0.2232258064516129 0.2596281540504648 0.24645161290322581 0.2583001328021248 0.28903225806451616 0.2689243027888446 0.2929032258064516 0.2689243027888446 0.28516129032258064 0.27556440903054447 0.2787096774193548 0.2835325365205843 0.2787096774193548 0.2895086321381142 0.19096774193548388 0.2934926958831341 0.18451612903225806 0.2775564409030544 0.1432258064516129 0.2828685258964143 0.09419354838709677 0.2788844621513944 0.07354838709677419 0.27091633466135456 0.07096774193548387 0.2656042496679947 0.07741935483870968 0.26228419654714474 0.1032258064516129 0.25697211155378485 0.11096774193548387 0.2549800796812749 0.12516129032258064 0.25232403718459495 0.17419354838709677 0.25763612217795484 0.2103225806451613
0 0.2549800796812749 0.4425806451612903 0.26162018592297476 0.45806451612903226 0.26095617529880477 0.49290322580645163 0.25630810092961487 0.512258064516129 0.2583001328021248 0.5251612903225806 0.26228419654714474 0.5251612903225806 0.2642762284196547 0.5187096774193548 0.27091633466135456 0.5148387096774194 0.29150066401062413 0.3858064516129032 0.29482071713147406 0.37806451612903225 0.2934926958831341 0.3574193548387097 0.28618857901726424 0.3470967741935484 0.27689243027888444 0.35096774193548386 0.2729083665338645 0.3690322580645161 0.24169986719787515 0.4258064516129032 0.24169986719787515 0.4425806451612903 0.2549800796812749 0.4425806451612903
0 0.19654714475431606 0.5638709677419355 0.2084993359893758 0.5625806451612904 0.21314741035856571 0.5767741935483871 0.2297476759628154 0.5419354838709678 0.23505976095617528 0.5187096774193548 0.2443559096945551 0.5096774193548387 0.248339973439575 0.49032258064516127 0.2589641434262948 0.4761290322580645 0.25630810092961487 0.447741935483871 0.25298804780876494 0.44387096774193546 0.24103585657370516 0.44516129032258067 0.20252324037184594 0.5264516129032258 0.20119521912350596 0.5470967741935484 0.19654714475431606 0.5638709677419355
0 0.2184594953519256 0.687741935483871 0.2144754316069057 0.7509677419354839 0.21713147410358563 0.7548387096774194 0.23771580345285523 0.7548387096774194 0.2390438247011952 0.7483870967741936 0.2290836653386454 0.7419354838709677 0.2250996015936255 0.727741935483871 0.22709163346613545 0.7187096774193549 0.24169986719787515 0.7161290322580646 0.24103585657370516 0.7109677419354838 0.23041168658698538 0.704516129032258 0.22775564409030544 0.6941935483870968 0.23041168658698538 0.6709677419354839 0.2343957503320053 0.6593548387096774 0.2343957503320053 0.6451612903225806 0.2390438247011952 0.6374193548387097 0.23505976095617528 0.6 0.2443559096945551 0.5806451612903226 0.24701195219123503 0.5587096774193548 0.25763612217795484 0.5458064516129032 0.2583001328021248 0.5290322580645161 0.25166002656042497 0.5148387096774194 0.2390438247011952 0.5161290322580645 0.23306772908366533 0.5406451612903226 0.20185922974767595 0.607741935483871 0.199867197875166 0.6296774193548387 0.2184594953519256 0.687741935483871